occurrenceId,verbatimScientificName,scientificName,key,matchType,confidence,status,rank,kingdom,phylum,class,order,family,genus,species,canonicalName,authorship
,"Alytes obstetricans","Alytes obstetricans (Laurenti, 1768)","2426612","EXACT","99","ACCEPTED","SPECIES","Animalia","Chordata","Amphibia","Anura","Alytidae","Alytes","Alytes obstetricans","Alytes obstetricans","(Laurenti, 1768) "
,"Salamandra salamandra","Salamandra salamandra (Linnaeus, 1758)","2431776","EXACT","99","ACCEPTED","SPECIES","Animalia","Chordata","Amphibia","Caudata","Salamandridae","Salamandra","Salamandra salamandra","Salamandra salamandra","(Linnaeus, 1758) "
,"Hyla arborea","Hyla arborea (Linnaeus, 1758)","2427573","EXACT","99","ACCEPTED","SPECIES","Animalia","Chordata","Amphibia","Anura","Hylidae","Hyla","Hyla arborea","Hyla arborea","(Linnaeus, 1758) "
,"Pelobates fuscus","Pelobates fuscus (Laurenti, 1768)","2430567","EXACT","99","ACCEPTED","SPECIES","Animalia","Chordata","Amphibia","Anura","Pelobatidae","Pelobates","Pelobates fuscus","Pelobates fuscus","(Laurenti, 1768) "
,"Anergates atratulus","Anergates atratulus (Schenck, 1852)","1314824","EXACT","99","ACCEPTED","SPECIES","Animalia","Arthropoda","Insecta","Hymenoptera","Formicidae","Anergates","Anergates atratulus","Anergates atratulus","(Schenck, 1852) "
,"Formica rufibarbis","Formica rufibarbis Fabricius, 1793","1315117","EXACT","99","ACCEPTED","SPECIES","Animalia","Arthropoda","Insecta","Hymenoptera","Formicidae","Formica","Formica rufibarbis","Formica rufibarbis","Fabricius, 1793"
,"Formica sanguinea","Formica sanguinea Latreille, 1798","1315006","EXACT","99","ACCEPTED","SPECIES","Animalia","Arthropoda","Insecta","Hymenoptera","Formicidae","Formica","Formica sanguinea","Formica sanguinea","Latreille, 1798"
,"Formica transkaucasica","Formica transkaucasica Nasonov, 1889","6096906","EXACT","98","SYNONYM","SPECIES","Animalia","Arthropoda","Insecta","Hymenoptera","Formicidae","Formica","Formica picea","Formica transkaucasica","Nasonov, 1889"
,"Formicoxenus nitidulus","Formicoxenus nitidulus (Nylander, 1846)","1317464","EXACT","99","ACCEPTED","SPECIES","Animalia","Arthropoda","Insecta","Hymenoptera","Formicidae","Formicoxenus","Formicoxenus nitidulus","Formicoxenus nitidulus","(Nylander, 1846) "
,"Lasius meridionalis","Lasius meridionalis (Bondroit, 1920)","5035788","EXACT","99","ACCEPTED","SPECIES","Animalia","Arthropoda","Insecta","Hymenoptera","Formicidae","Lasius","Lasius meridionalis","Lasius meridionalis","(Bondroit, 1920) "
,"Lasius psammophilus","Lasius psammophilus Seifert, 1992","5035767","EXACT","99","ACCEPTED","SPECIES","Animalia","Arthropoda","Insecta","Hymenoptera","Formicidae","Lasius","Lasius psammophilus","Lasius psammophilus","Seifert, 1992"
,"Leptothorax muscorum","Leptothorax muscorum (Nylander, 1846)","1324105","EXACT","99","ACCEPTED","SPECIES","Animalia","Arthropoda","Insecta","Hymenoptera","Formicidae","Leptothorax","Leptothorax muscorum","Leptothorax muscorum","(Nylander, 1846) "
,"Myrmecina graminicola","Myrmecina graminicola (Latreille, 1802)","1315215","EXACT","99","ACCEPTED","SPECIES","Animalia","Arthropoda","Insecta","Hymenoptera","Formicidae","Myrmecina","Myrmecina graminicola","Myrmecina graminicola","(Latreille, 1802) "
,"Myrmica lonae","Myrmica lonae Finzi, 1926","4504403","EXACT","99","ACCEPTED","SPECIES","Animalia","Arthropoda","Insecta","Hymenoptera","Formicidae","Myrmica","Myrmica lonae","Myrmica lonae","Finzi, 1926"
,"Myrmica schencki","Myrmica schencki Viereck, 1903","1318870","EXACT","98","ACCEPTED","SPECIES","Animalia","Arthropoda","Insecta","Hymenoptera","Formicidae","Myrmica","Myrmica schencki","Myrmica schencki","Viereck, 1903"
,"Myrmica specioides","Myrmica specioides Bondroit, 1918","5871110","EXACT","99","ACCEPTED","SPECIES","Animalia","Arthropoda","Insecta","Hymenoptera","Formicidae","Myrmica","Myrmica specioides","Myrmica specioides","Bondroit, 1918"
,"Myrmica sulcinodis","Myrmica sulcinodis Nylander, 1846","1318917","EXACT","99","ACCEPTED","SPECIES","Animalia","Arthropoda","Insecta","Hymenoptera","Formicidae","Myrmica","Myrmica sulcinodis","Myrmica sulcinodis","Nylander, 1846"
,"Polyergus rufescens","Polyergus rufescens (Latreille, 1798)","1326343","EXACT","99","ACCEPTED","SPECIES","Animalia","Arthropoda","Insecta","Hymenoptera","Formicidae","Polyergus","Polyergus rufescens","Polyergus rufescens","(Latreille, 1798) "
,"Ponera coarctata","Ponera coarctata (Latreille, 1802)","5035388","EXACT","99","ACCEPTED","SPECIES","Animalia","Arthropoda","Insecta","Hymenoptera","Formicidae","Ponera","Ponera coarctata","Ponera coarctata","(Latreille, 1802) "
,"Solenopsis fugax","Solenopsis fugax (Latreille, 1798)","5035204","EXACT","99","ACCEPTED","SPECIES","Animalia","Arthropoda","Insecta","Hymenoptera","Formicidae","Solenopsis","Solenopsis fugax","Solenopsis fugax","(Latreille, 1798) "
,"Strongylognathus testaceus","Strongylognathus testaceus (Schenck, 1852)","1317691","EXACT","99","ACCEPTED","SPECIES","Animalia","Arthropoda","Insecta","Hymenoptera","Formicidae","Strongylognathus","Strongylognathus testaceus","Strongylognathus testaceus","(Schenck, 1852) "
,"Tapinoma ambiguum","Tapinoma ambiguum Emery, 1925","1316828","EXACT","99","ACCEPTED","SPECIES","Animalia","Arthropoda","Insecta","Hymenoptera","Formicidae","Tapinoma","Tapinoma ambiguum","Tapinoma ambiguum","Emery, 1925"
,"Tapinoma erraticum","Tapinoma erraticum (Latreille, 1798)","1316800","EXACT","99","ACCEPTED","SPECIES","Animalia","Arthropoda","Insecta","Hymenoptera","Formicidae","Tapinoma","Tapinoma erraticum","Tapinoma erraticum","(Latreille, 1798) "
,"Formica polyctena","Formica polyctena Foerster, 1850","1315169","EXACT","99","ACCEPTED","SPECIES","Animalia","Arthropoda","Insecta","Hymenoptera","Formicidae","Formica","Formica polyctena","Formica polyctena","Foerster, 1850"
,"Formica pratensis","Formica pratensis Retzius, 1783","1315144","EXACT","98","ACCEPTED","SPECIES","Animalia","Arthropoda","Insecta","Hymenoptera","Formicidae","Formica","Formica pratensis","Formica pratensis","Retzius, 1783"
,"Formica rufa","Formica rufa Linnaeus, 1761","1315132","EXACT","99","ACCEPTED","SPECIES","Animalia","Arthropoda","Insecta","Hymenoptera","Formicidae","Formica","Formica rufa","Formica rufa","Linnaeus, 1761"
,"Acrocephalus arundinaceus","Acrocephalus arundinaceus (Linnaeus, 1758)","2493128","EXACT","98","ACCEPTED","SPECIES","Animalia","Chordata","Aves","Passeriformes","Acrocephalidae","Acrocephalus","Acrocephalus arundinaceus","Acrocephalus arundinaceus","(Linnaeus, 1758) "
,"Botaurus stellaris","Botaurus stellaris (Linnaeus, 1758)","2480910","EXACT","99","ACCEPTED","SPECIES","Animalia","Chordata","Aves","Pelecaniformes","Ardeidae","Botaurus","Botaurus stellaris","Botaurus stellaris","(Linnaeus, 1758) "
,"Caprimulgus europaeus","Caprimulgus europaeus Linnaeus, 1758","8109681","EXACT","99","ACCEPTED","SPECIES","Animalia","Chordata","Aves","Caprimulgiformes","Caprimulgidae","Caprimulgus","Caprimulgus europaeus","Caprimulgus europaeus","Linnaeus, 1758"
,"Charadrius alexandrinus","Charadrius alexandrinus Linnaeus, 1758","2480311","EXACT","99","ACCEPTED","SPECIES","Animalia","Chordata","Aves","Charadriiformes","Charadriidae","Charadrius","Charadrius alexandrinus","Charadrius alexandrinus","Linnaeus, 1758"
,"Circus aeruginosus","Circus aeruginosus (Linnaeus, 1758)","2480482","EXACT","99","ACCEPTED","SPECIES","Animalia","Chordata","Aves","Accipitriformes","Accipitridae","Circus","Circus aeruginosus","Circus aeruginosus","(Linnaeus, 1758) "
,"Circus pygargus","Circus pygargus (Linnaeus, 1758)","2480495","EXACT","99","ACCEPTED","SPECIES","Animalia","Chordata","Aves","Accipitriformes","Accipitridae","Circus","Circus pygargus","Circus pygargus","(Linnaeus, 1758) "
,"Coturnix coturnix","Coturnix coturnix (Linnaeus, 1758)","2474156","EXACT","99","ACCEPTED","SPECIES","Animalia","Chordata","Aves","Galliformes","Phasianidae","Coturnix","Coturnix coturnix","Coturnix coturnix","(Linnaeus, 1758) "
,"Acrocephalus schoenobaenus","Acrocephalus schoenobaenus (Linnaeus, 1758)","2493129","EXACT","99","ACCEPTED","SPECIES","Animalia","Chordata","Aves","Passeriformes","Acrocephalidae","Acrocephalus","Acrocephalus schoenobaenus","Acrocephalus schoenobaenus","(Linnaeus, 1758) "
,"Crex crex","Crex crex (Linnaeus, 1758)","4408498","EXACT","99","ACCEPTED","SPECIES","Animalia","Chordata","Aves","Gruiformes","Rallidae","Crex","Crex crex","Crex crex","(Linnaeus, 1758) "
,"Miliaria calandra","Miliaria calandra (Linnaeus, 1758)","2491506","EXACT","98","SYNONYM","SPECIES","Animalia","Chordata","Aves","Passeriformes","Emberizidae","Emberiza","Emberiza calandra","Miliaria calandra","(Linnaeus, 1758) "
,"Emberiza citrinella","Emberiza citrinella Linnaeus, 1758","2491534","EXACT","99","ACCEPTED","SPECIES","Animalia","Chordata","Aves","Passeriformes","Emberizidae","Emberiza","Emberiza citrinella","Emberiza citrinella","Linnaeus, 1758"
,"Emberiza hortulana","Emberiza hortulana Linnaeus, 1758","2491482","EXACT","99","ACCEPTED","SPECIES","Animalia","Chordata","Aves","Passeriformes","Emberizidae","Emberiza","Emberiza hortulana","Emberiza hortulana","Linnaeus, 1758"
,"Galerida cristata","Galerida cristata (Linnaeus, 1758)","2490669","EXACT","99","ACCEPTED","SPECIES","Animalia","Chordata","Aves","Passeriformes","Alaudidae","Galerida","Galerida cristata","Galerida cristata","(Linnaeus, 1758) "
,"Gallinago gallinago","Gallinago gallinago (Linnaeus, 1758)","2481819","EXACT","99","ACCEPTED","SPECIES","Animalia","Chordata","Aves","Charadriiformes","Scolopacidae","Gallinago","Gallinago gallinago","Gallinago gallinago","(Linnaeus, 1758) "
,"Ixobrychus minutus","Ixobrychus minutus (Linnaeus, 1766)","2480850","EXACT","99","ACCEPTED","SPECIES","Animalia","Chordata","Aves","Pelecaniformes","Ardeidae","Ixobrychus","Ixobrychus minutus","Ixobrychus minutus","(Linnaeus, 1766) "
,"Jynx torquilla","Jynx torquilla Linnaeus, 1758","8012314","EXACT","99","ACCEPTED","SPECIES","Animalia","Chordata","Aves","Piciformes","Picidae","Jynx","Jynx torquilla","Jynx torquilla","Linnaeus, 1758"
,"Lanius collurio","Lanius collurio Linnaeus, 1758","7745240","EXACT","99","ACCEPTED","SPECIES","Animalia","Chordata","Aves","Passeriformes","Laniidae","Lanius","Lanius collurio","Lanius collurio","Linnaeus, 1758"
,"Lanius excubitor","Lanius excubitor Linnaeus, 1758","9444556","EXACT","99","ACCEPTED","SPECIES","Animalia","Chordata","Aves","Passeriformes","Laniidae","Lanius","Lanius excubitor","Lanius excubitor","Linnaeus, 1758"
,"Larus argentatus","Larus argentatus Pontoppidan, 1763","2481139","EXACT","99","ACCEPTED","SPECIES","Animalia","Chordata","Aves","Charadriiformes","Laridae","Larus","Larus argentatus","Larus argentatus","Pontoppidan, 1763"
,"Larus fuscus","Larus fuscus Linnaeus, 1758","2481174","EXACT","99","ACCEPTED","SPECIES","Animalia","Chordata","Aves","Charadriiformes","Laridae","Larus","Larus fuscus","Larus fuscus","Linnaeus, 1758"
,"Locustella luscinioides","Locustella luscinioides (Savi, 1824)","2493551","EXACT","99","ACCEPTED","SPECIES","Animalia","Chordata","Aves","Passeriformes","Locustellidae","Locustella","Locustella luscinioides","Locustella luscinioides","(Savi, 1824) "
,"Alcedo atthis","Alcedo atthis (Linnaeus, 1758)","2475532","EXACT","99","ACCEPTED","SPECIES","Animalia","Chordata","Aves","Coraciiformes","Alcedinidae","Alcedo","Alcedo atthis","Alcedo atthis","(Linnaeus, 1758) "
,"Locustella naevia","Locustella naevia (Boddaert, 1783)","2493548","EXACT","99","ACCEPTED","SPECIES","Animalia","Chordata","Aves","Passeriformes","Locustellidae","Locustella","Locustella naevia","Locustella naevia","(Boddaert, 1783) "
,"Lullula arborea","Lullula arborea (Linnaeus, 1758)","2490604","EXACT","99","ACCEPTED","SPECIES","Animalia","Chordata","Aves","Passeriformes","Alaudidae","Lullula","Lullula arborea","Lullula arborea","(Linnaeus, 1758) "
,"Luscinia megarhynchos","Luscinia megarhynchos C.L.Brehm, 1831","7660710","EXACT","99","ACCEPTED","SPECIES","Animalia","Chordata","Aves","Passeriformes","Muscicapidae","Luscinia","Luscinia megarhynchos","Luscinia megarhynchos","C.L.Brehm, 1831"
,"Oenanthe oenanthe","Oenanthe oenanthe (Linnaeus, 1758)","5231240","EXACT","99","ACCEPTED","SPECIES","Animalia","Chordata","Aves","Passeriformes","Muscicapidae","Oenanthe","Oenanthe oenanthe","Oenanthe oenanthe","(Linnaeus, 1758) "
,"Oriolus oriolus","Oriolus oriolus (Linnaeus, 1758)","2488949","EXACT","99","ACCEPTED","SPECIES","Animalia","Chordata","Aves","Passeriformes","Oriolidae","Oriolus","Oriolus oriolus","Oriolus oriolus","(Linnaeus, 1758) "
,"Panurus biarmicus","Panurus biarmicus (Linnaeus, 1758)","2493367","EXACT","99","ACCEPTED","SPECIES","Animalia","Chordata","Aves","Passeriformes","Panuridae","Panurus","Panurus biarmicus","Panurus biarmicus","(Linnaeus, 1758) "
,"Perdix perdix","Perdix perdix (Linnaeus, 1758)","2473958","EXACT","99","ACCEPTED","SPECIES","Animalia","Chordata","Aves","Galliformes","Phasianidae","Perdix","Perdix perdix","Perdix perdix","(Linnaeus, 1758) "
,"Phalacrocorax carbo","Phalacrocorax carbo (Linnaeus, 1758)","2481890","EXACT","99","ACCEPTED","SPECIES","Animalia","Chordata","Aves","Suliformes","Phalacrocoracidae","Phalacrocorax","Phalacrocorax carbo","Phalacrocorax carbo","(Linnaeus, 1758) "
,"Phoenicurus phoenicurus","Phoenicurus phoenicurus (Linnaeus, 1758)","5739317","EXACT","99","ACCEPTED","SPECIES","Animalia","Chordata","Aves","Passeriformes","Muscicapidae","Phoenicurus","Phoenicurus phoenicurus","Phoenicurus phoenicurus","(Linnaeus, 1758) "
,"Podiceps nigricollis","Podiceps nigricollis C.L.Brehm, 1831","2482065","EXACT","99","ACCEPTED","SPECIES","Animalia","Chordata","Aves","Podicipediformes","Podicipedidae","Podiceps","Podiceps nigricollis","Podiceps nigricollis","C.L.Brehm, 1831"
,"Porzana porzana","Porzana porzana (Linnaeus, 1766)","2474621","EXACT","99","ACCEPTED","SPECIES","Animalia","Chordata","Aves","Gruiformes","Rallidae","Porzana","Porzana porzana","Porzana porzana","(Linnaeus, 1766) "
,"Recurvirostra avosetta","Recurvirostra avosetta Linnaeus, 1758","2480259","EXACT","99","ACCEPTED","SPECIES","Animalia","Chordata","Aves","Charadriiformes","Recurvirostridae","Recurvirostra","Recurvirostra avosetta","Recurvirostra avosetta","Linnaeus, 1758"
,"Riparia riparia","Riparia riparia (Linnaeus, 1758)","2489160","EXACT","99","ACCEPTED","SPECIES","Animalia","Chordata","Aves","Passeriformes","Hirundinidae","Riparia","Riparia riparia","Riparia riparia","(Linnaeus, 1758) "
,"Saxicola rubetra","Saxicola rubetra (Linnaeus, 1758)","2492521","EXACT","99","ACCEPTED","SPECIES","Animalia","Chordata","Aves","Passeriformes","Muscicapidae","Saxicola","Saxicola rubetra","Saxicola rubetra","(Linnaeus, 1758) "
,"Saxicola torquata","Saxicola torquata (Linnaeus, 1766)","2492527","EXACT","98","SYNONYM","SPECIES","Animalia","Chordata","Aves","Passeriformes","Muscicapidae","Saxicola","Saxicola torquatus","Saxicola torquata","(Linnaeus, 1766) "
,"Sterna albifrons","Sterna albifrons Pallas, 1764","5229215","EXACT","98","SYNONYM","SPECIES","Animalia","Chordata","Aves","Charadriiformes","Laridae","Sternula","Sternula albifrons","Sterna albifrons","Pallas, 1764"
,"Sterna hirundo","Sterna hirundo Linnaeus, 1758","9367409","EXACT","99","ACCEPTED","SPECIES","Animalia","Chordata","Aves","Charadriiformes","Laridae","Sterna","Sterna hirundo","Sterna hirundo","Linnaeus, 1758"
,"Sterna sandvicensis","Sterna sandvicensis Latham, 1787","5229223","EXACT","98","SYNONYM","SPECIES","Animalia","Chordata","Aves","Charadriiformes","Laridae","Thalasseus","Thalasseus sandvicensis","Sterna sandvicensis","Latham, 1787"
,"Tetrao tetrix","Tetrao tetrix Linnaeus, 1758","8379871","EXACT","98","SYNONYM","SPECIES","Animalia","Chordata","Aves","Galliformes","Phasianidae","Lyrurus","Lyrurus tetrix","Tetrao tetrix","Linnaeus, 1758"
,"Tringa totanus","Tringa totanus (Linnaeus, 1758)","2481714","EXACT","99","ACCEPTED","SPECIES","Animalia","Chordata","Aves","Charadriiformes","Scolopacidae","Tringa","Tringa totanus","Tringa totanus","(Linnaeus, 1758) "
,"Tyto alba","Tyto alba (Scopoli, 1769)","2497921","EXACT","99","ACCEPTED","SPECIES","Animalia","Chordata","Aves","Strigiformes","Tytonidae","Tyto","Tyto alba","Tyto alba","(Scopoli, 1769) "
,"Bembidion elongatum","Bembidion elongatum Dejean, 1831","5872133","EXACT","98","SYNONYM","SPECIES","Animalia","Arthropoda","Insecta","Coleoptera","Carabidae","Sinechostictus","Sinechostictus elongatus","Bembidion elongatum","Dejean, 1831"
,"Bembidion ephippium","Bembidion ephippium (Marsham, 1802)","4308807","EXACT","99","ACCEPTED","SPECIES","Animalia","Arthropoda","Insecta","Coleoptera","Carabidae","Bembidion","Bembidion ephippium","Bembidion ephippium","(Marsham, 1802) "
,"Bembidion litorale","Bembidion litorale (Olivier, 1790)","5872143","EXACT","99","ACCEPTED","SPECIES","Animalia","Arthropoda","Insecta","Coleoptera","Carabidae","Bembidion","Bembidion litorale","Bembidion litorale","(Olivier, 1790) "
,"Bembidion maritimum","Bembidion maritimum (Stephens, 1839)","9816904","EXACT","99","ACCEPTED","SPECIES","Animalia","Arthropoda","Insecta","Coleoptera","Carabidae","Bembidion","Bembidion maritimum","Bembidion maritimum","(Stephens, 1839) "
,"Bembidion normannum","Bembidion normannum Dejean, 1831","6097892","EXACT","99","ACCEPTED","SPECIES","Animalia","Arthropoda","Insecta","Coleoptera","Carabidae","Bembidion","Bembidion normannum","Bembidion normannum","Dejean, 1831"
,"Bembidion pallidipenne","Bembidion pallidipenne (Illiger, 1802)","8607776","EXACT","99","ACCEPTED","SPECIES","Animalia","Arthropoda","Insecta","Coleoptera","Carabidae","Bembidion","Bembidion pallidipenne","Bembidion pallidipenne","(Illiger, 1802) "
,"Blethisa multipunctata","Blethisa multipunctata (Linnaeus, 1758)","4988207","EXACT","99","ACCEPTED","SPECIES","Animalia","Arthropoda","Insecta","Coleoptera","Carabidae","Blethisa","Blethisa multipunctata","Blethisa multipunctata","(Linnaeus, 1758) "
,"Brachinus crepitans","Brachinus crepitans (Linnaeus, 1758)","4474861","EXACT","99","ACCEPTED","SPECIES","Animalia","Arthropoda","Insecta","Coleoptera","Carabidae","Brachinus","Brachinus crepitans","Brachinus crepitans","(Linnaeus, 1758) "
,"Brachinus explodens","Brachinus explodens Duftschmid, 1812","4474922","EXACT","99","ACCEPTED","SPECIES","Animalia","Arthropoda","Insecta","Coleoptera","Carabidae","Brachinus","Brachinus explodens","Brachinus explodens","Duftschmid, 1812"
,"Bradycellus caucasicus","Bradycellus caucasicus (Chaudoir, 1846)","5755969","EXACT","99","ACCEPTED","SPECIES","Animalia","Arthropoda","Insecta","Coleoptera","Carabidae","Bradycellus","Bradycellus caucasicus","Bradycellus caucasicus","(Chaudoir, 1846) "
,"Calathus ambiguus","Calathus ambiguus (Paykull, 1790)","5755293","EXACT","99","ACCEPTED","SPECIES","Animalia","Arthropoda","Insecta","Coleoptera","Carabidae","Calathus","Calathus ambiguus","Calathus ambiguus","(Paykull, 1790) "
,"Calathus cinctus","Calathus cinctus Motschulsky, 1850","5755322","EXACT","99","ACCEPTED","SPECIES","Animalia","Arthropoda","Insecta","Coleoptera","Carabidae","Calathus","Calathus cinctus","Calathus cinctus","Motschulsky, 1850"
,"Callistus lunatus","Callistus lunatus (Fabricius, 1775)","6097854","EXACT","99","ACCEPTED","SPECIES","Animalia","Arthropoda","Insecta","Coleoptera","Carabidae","Callistus","Callistus lunatus","Callistus lunatus","(Fabricius, 1775) "
,"Calosoma inquisitor","Calosoma inquisitor (Linnaeus, 1758)","5872954","EXACT","99","ACCEPTED","SPECIES","Animalia","Arthropoda","Insecta","Coleoptera","Carabidae","Calosoma","Calosoma inquisitor","Calosoma inquisitor","(Linnaeus, 1758) "
,"Calosoma sycophanta","Calosoma sycophanta (Linnaeus, 1758)","4989308","EXACT","99","ACCEPTED","SPECIES","Animalia","Arthropoda","Insecta","Coleoptera","Carabidae","Calosoma","Calosoma sycophanta","Calosoma sycophanta","(Linnaeus, 1758) "
,"Carabus arvensis","Carabus arvensis Herbst, 1784","5872829","EXACT","97","SYNONYM","SPECIES","Animalia","Arthropoda","Insecta","Coleoptera","Carabidae","Carabus","Carabus arcensis","Carabus arvensis","Herbst, 1784"
,"Carabus cancellatus","Carabus cancellatus Illiger, 1798","4470480","EXACT","99","ACCEPTED","SPECIES","Animalia","Arthropoda","Insecta","Coleoptera","Carabidae","Carabus","Carabus cancellatus","Carabus cancellatus","Illiger, 1798"
,"Carabus clathratus","Carabus clathratus Illiger, 1798","9224900","EXACT","98","SYNONYM","SPECIES","Animalia","Arthropoda","Insecta","Coleoptera","Carabidae","Carabus","Carabus clatratus","Carabus clathratus","Illiger, 1798"
,"Carabus coriaceus","Carabus coriaceus Linnaeus, 1758","4470451","EXACT","99","ACCEPTED","SPECIES","Animalia","Arthropoda","Insecta","Coleoptera","Carabidae","Carabus","Carabus coriaceus","Carabus coriaceus","Linnaeus, 1758"
,"Carabus intricatus","Carabus intricatus Linnaeus, 1760","4471016","EXACT","99","ACCEPTED","SPECIES","Animalia","Arthropoda","Insecta","Coleoptera","Carabidae","Carabus","Carabus intricatus","Carabus intricatus","Linnaeus, 1760"
,"Carabus nitens","Carabus nitens Linnaeus, 1758","4471071","EXACT","99","ACCEPTED","SPECIES","Animalia","Arthropoda","Insecta","Coleoptera","Carabidae","Carabus","Carabus nitens","Carabus nitens","Linnaeus, 1758"
,"Chlaenius nigricornis","Chlaenius nigricornis (Fabricius, 1787)","6097906","EXACT","99","ACCEPTED","SPECIES","Animalia","Arthropoda","Insecta","Coleoptera","Carabidae","Chlaenius","Chlaenius nigricornis","Chlaenius nigricornis","(Fabricius, 1787) "
,"Chlaenius nitidulus","Chlaenius nitidulus (Schrank, 1781)","5810729","EXACT","97","ACCEPTED","SPECIES","Animalia","Arthropoda","Insecta","Coleoptera","Carabidae","Chlaenius","Chlaenius nitidulus","Chlaenius nitidulus","(Schrank, 1781) "
,"Chlaenius tristis","Chlaenius tristis (Schaller, 1783)","6097905","EXACT","99","ACCEPTED","SPECIES","Animalia","Arthropoda","Insecta","Coleoptera","Carabidae","Chlaenius","Chlaenius tristis","Chlaenius tristis","(Schaller, 1783) "
,"Cicindela maritima","Cicindela maritima Dejean, 1822","7727698","EXACT","99","ACCEPTED","SPECIES","Animalia","Arthropoda","Insecta","Coleoptera","Carabidae","Cicindela","Cicindela maritima","Cicindela maritima","Dejean, 1822"
,"Cicindela sylvatica","Cicindela sylvatica Linnaeus, 1758","4480480","EXACT","99","ACCEPTED","SPECIES","Animalia","Arthropoda","Insecta","Coleoptera","Carabidae","Cicindela","Cicindela sylvatica","Cicindela sylvatica","Linnaeus, 1758"
,"Diachromus germanus","Diachromus germanus (Linnaeus, 1758)","4474987","EXACT","99","ACCEPTED","SPECIES","Animalia","Arthropoda","Insecta","Coleoptera","Carabidae","Diachromus","Diachromus germanus","Diachromus germanus","(Linnaeus, 1758) "
,"Agonum livens","Agonum livens (Gyllenhal, 1810)","7844002","EXACT","98","SYNONYM","SPECIES","Animalia","Arthropoda","Insecta","Coleoptera","Carabidae","Platynus","Platynus livens","Agonum livens","(Gyllenhal, 1810) "
,"Dyschirius intermedius","Dyschirius intermedius Putzeys, 1846","5756959","EXACT","99","ACCEPTED","SPECIES","Animalia","Arthropoda","Insecta","Coleoptera","Carabidae","Dyschirius","Dyschirius intermedius","Dyschirius intermedius","Putzeys, 1846"
,"Dyschirius semistriatus","Dyschirius semistriatus (Dejean, 1825)","6097860","EXACT","99","ACCEPTED","SPECIES","Animalia","Arthropoda","Insecta","Coleoptera","Carabidae","Dyschirius","Dyschirius semistriatus","Dyschirius semistriatus","(Dejean, 1825) "
,"Elaphrus uliginosus","Elaphrus uliginosus Fabricius, 1792","4473320","EXACT","99","ACCEPTED","SPECIES","Animalia","Arthropoda","Insecta","Coleoptera","Carabidae","Elaphrus","Elaphrus uliginosus","Elaphrus uliginosus","Fabricius, 1792"
,"Harpalus autumnalis","Harpalus autumnalis (Duftschmid, 1812)","6097922","EXACT","99","ACCEPTED","SPECIES","Animalia","Arthropoda","Insecta","Coleoptera","Carabidae","Harpalus","Harpalus autumnalis","Harpalus autumnalis","(Duftschmid, 1812) "
,"Harpalus flavescens","Harpalus flavescens (Piller & Mitterpacher, 1783)","6097909","EXACT","99","ACCEPTED","SPECIES","Animalia","Arthropoda","Insecta","Coleoptera","Carabidae","Harpalus","Harpalus flavescens","Harpalus flavescens","(Piller & Mitterpacher, 1783) "
,"Harpalus froelichi","Harpalus froelichii Sturm, 1818","6097925","FUZZY","95","ACCEPTED","SPECIES","Animalia","Arthropoda","Insecta","Coleoptera","Carabidae","Harpalus","Harpalus froelichii","Harpalus froelichii","Sturm, 1818"
,"Harpalus griseus","Harpalus griseus (Panzer, 1796)","6097919","EXACT","99","ACCEPTED","SPECIES","Animalia","Arthropoda","Insecta","Coleoptera","Carabidae","Harpalus","Harpalus griseus","Harpalus griseus","(Panzer, 1796) "
,"Harpalus modestus","Harpalus modestus Dejean, 1829","6097911","EXACT","99","ACCEPTED","SPECIES","Animalia","Arthropoda","Insecta","Coleoptera","Carabidae","Harpalus","Harpalus modestus","Harpalus modestus","Dejean, 1829"
,"Harpalus neglectus","Harpalus neglectus Audinet-Serville, 1821","6097927","EXACT","99","ACCEPTED","SPECIES","Animalia","Arthropoda","Insecta","Coleoptera","Carabidae","Harpalus","Harpalus neglectus","Harpalus neglectus","Audinet-Serville, 1821"
,"Harpalus puncticollis","Carabidae","3792","HIGHERRANK","97","ACCEPTED","FAMILY","Animalia","Arthropoda","Insecta","Coleoptera","Carabidae",,,"Carabidae",
,"Harpalus quadripunctatus","Harpalus quadripunctatus Dejean, 1829","7432232","EXACT","98","SYNONYM","SPECIES","Animalia","Arthropoda","Insecta","Coleoptera","Carabidae","Harpalus","Harpalus laevipes","Harpalus quadripunctatus","Dejean, 1829"
,"Harpalus serripes","Harpalus serripes (Quensel, 1806)","8378220","EXACT","97","ACCEPTED","SPECIES","Animalia","Arthropoda","Insecta","Coleoptera","Carabidae","Harpalus","Harpalus serripes","Harpalus serripes","(Quensel, 1806) "
,"Harpalus smaragdinus","Harpalus smaragdinus (Duftschmid, 1812)","6097923","EXACT","99","ACCEPTED","SPECIES","Animalia","Arthropoda","Insecta","Coleoptera","Carabidae","Harpalus","Harpalus smaragdinus","Harpalus smaragdinus","(Duftschmid, 1812) "
,"Harpalus vernalis","Harpalus vernalis (Duftschmid, 1812)","6453884","EXACT","97","SYNONYM","SPECIES","Animalia","Arthropoda","Insecta","Coleoptera","Carabidae","Harpalus","Harpalus pumilus","Harpalus vernalis","(Duftschmid, 1812) "
,"Leistus spinibarbis","Leistus spinibarbis (Fabricius, 1775)","4473903","EXACT","99","ACCEPTED","SPECIES","Animalia","Arthropoda","Insecta","Coleoptera","Carabidae","Leistus","Leistus spinibarbis","Leistus spinibarbis","(Fabricius, 1775) "
,"Molops piceus","Molops piceus (Panzer, 1793)","5754640","EXACT","99","ACCEPTED","SPECIES","Animalia","Arthropoda","Insecta","Coleoptera","Carabidae","Molops","Molops piceus","Molops piceus","(Panzer, 1793) "
,"Agonum piceum","Agonum piceum (Linnaeus, 1758)","9206709","EXACT","99","ACCEPTED","SPECIES","Animalia","Arthropoda","Insecta","Coleoptera","Carabidae","Agonum","Agonum piceum","Agonum piceum","(Linnaeus, 1758) "
,"Olisthopus rotundatus","Olisthopus rotundatus (Paykull, 1790)","4473974","EXACT","99","ACCEPTED","SPECIES","Animalia","Arthropoda","Insecta","Coleoptera","Carabidae","Olisthopus","Olisthopus rotundatus","Olisthopus rotundatus","(Paykull, 1790) "
,"Agonum scitulum","Agonum scitulum Dejean, 1828","5755081","EXACT","99","ACCEPTED","SPECIES","Animalia","Arthropoda","Insecta","Coleoptera","Carabidae","Agonum","Agonum scitulum","Agonum scitulum","Dejean, 1828"
,"Parophonus maculicornis","Parophonus maculicornis (Duftschmid, 1812)","4475074","EXACT","99","ACCEPTED","SPECIES","Animalia","Arthropoda","Insecta","Coleoptera","Carabidae","Parophonus","Parophonus maculicornis","Parophonus maculicornis","(Duftschmid, 1812) "
,"Perileptus areolatus","Perileptus areolatus (Creutzer, 1799)","5872219","EXACT","99","ACCEPTED","SPECIES","Animalia","Arthropoda","Insecta","Coleoptera","Carabidae","Perileptus","Perileptus areolatus","Perileptus areolatus","(Creutzer, 1799) "
,"Pogonus littoralis","Pogonus littoralis (Duftschmid, 1812)","5716411","EXACT","99","ACCEPTED","SPECIES","Animalia","Arthropoda","Insecta","Coleoptera","Carabidae","Pogonus","Pogonus littoralis","Pogonus littoralis","(Duftschmid, 1812) "
,"Agonum versutum","Agonum versutum Sturm, 1824","5755066","EXACT","99","ACCEPTED","SPECIES","Animalia","Arthropoda","Insecta","Coleoptera","Carabidae","Agonum","Agonum versutum","Agonum versutum","Sturm, 1824"
,"Stenolophus skrimshiranus","Stenolophus skrimshiranus Stephens, 1828","5755954","EXACT","99","ACCEPTED","SPECIES","Animalia","Arthropoda","Insecta","Coleoptera","Carabidae","Stenolophus","Stenolophus skrimshiranus","Stenolophus skrimshiranus","Stephens, 1828"
,"Tachys bistriatus","Tachys bistriatus (Duftschmid, 1812)","9792543","EXACT","97","ACCEPTED","SPECIES","Animalia","Arthropoda","Insecta","Coleoptera","Carabidae","Tachys","Tachys bistriatus","Tachys bistriatus","(Duftschmid, 1812) "
,"Tachys bisulcatus","Tachys bisulcatus (Nicolai, 1822)","7607249","EXACT","98","SYNONYM","SPECIES","Animalia","Arthropoda","Insecta","Coleoptera","Carabidae","Porotachys","Porotachys bisulcatus","Tachys bisulcatus","(Nicolai, 1822) "
,"Zabrus tenebrioides","Zabrus tenebrioides (Goeze, 1777)","4473277","EXACT","99","ACCEPTED","SPECIES","Animalia","Arthropoda","Insecta","Coleoptera","Carabidae","Zabrus","Zabrus tenebrioides","Zabrus tenebrioides","(Goeze, 1777) "
,"Amara convexior","Amara convexior Stephens, 1828","4472897","EXACT","99","ACCEPTED","SPECIES","Animalia","Arthropoda","Insecta","Coleoptera","Carabidae","Amara","Amara convexior","Amara convexior","Stephens, 1828"
,"Acupalpus brunnipes","Acupalpus brunnipes (Sturm, 1825)","4475685","EXACT","99","ACCEPTED","SPECIES","Animalia","Arthropoda","Insecta","Coleoptera","Carabidae","Acupalpus","Acupalpus brunnipes","Acupalpus brunnipes","(Sturm, 1825) "
,"Amara eurynota","Amara eurynota (Panzer, 1796)","4472858","EXACT","99","ACCEPTED","SPECIES","Animalia","Arthropoda","Insecta","Coleoptera","Carabidae","Amara","Amara eurynota","Amara eurynota","(Panzer, 1796) "
,"Amara kulti","Amara kulti Fassati, 1947","4472818","EXACT","99","ACCEPTED","SPECIES","Animalia","Arthropoda","Insecta","Coleoptera","Carabidae","Amara","Amara kulti","Amara kulti","Fassati, 1947"
,"Amara montivaga","Amara montivaga Sturm, 1825","4472906","EXACT","99","ACCEPTED","SPECIES","Animalia","Arthropoda","Insecta","Coleoptera","Carabidae","Amara","Amara montivaga","Amara montivaga","Sturm, 1825"
,"Amara municipalis","Amara municipalis (Duftschmid, 1812)","4473107","EXACT","99","ACCEPTED","SPECIES","Animalia","Arthropoda","Insecta","Coleoptera","Carabidae","Amara","Amara municipalis","Amara municipalis","(Duftschmid, 1812) "
,"Amara quenseli","Amara quenseli (Schönherr, 1806)","1035239","EXACT","99","ACCEPTED","SPECIES","Animalia","Arthropoda","Insecta","Coleoptera","Carabidae","Amara","Amara quenseli","Amara quenseli","(Schönherr, 1806) "
,"Amara tricuspidata","Amara tricuspidata Dejean, 1831","4472814","EXACT","99","ACCEPTED","SPECIES","Animalia","Arthropoda","Insecta","Coleoptera","Carabidae","Amara","Amara tricuspidata","Amara tricuspidata","Dejean, 1831"
,"Anisodactylus nemorivagus","Anisodactylus nemorivagus (Duftschmid, 1812)","4474998","EXACT","99","ACCEPTED","SPECIES","Animalia","Arthropoda","Insecta","Coleoptera","Carabidae","Anisodactylus","Anisodactylus nemorivagus","Anisodactylus nemorivagus","(Duftschmid, 1812) "
,"Asaphidion pallipes","Asaphidion pallipes (Duftschmid, 1812)","4478695","EXACT","99","ACCEPTED","SPECIES","Animalia","Arthropoda","Insecta","Coleoptera","Carabidae","Asaphidion","Asaphidion pallipes","Asaphidion pallipes","(Duftschmid, 1812) "
,"Bembidion decorum","Bembidion decorum (Panzer, 1799)","5872129","EXACT","98","ACCEPTED","SPECIES","Animalia","Arthropoda","Insecta","Coleoptera","Carabidae","Bembidion","Bembidion decorum","Bembidion decorum","(Panzer, 1799) "
,"Achalcus bimaculatus","Achalcus bimaculatus Pollet, 1996","1605813","EXACT","99","ACCEPTED","SPECIES","Animalia","Arthropoda","Insecta","Diptera","Dolichopodidae","Achalcus","Achalcus bimaculatus","Achalcus bimaculatus","Pollet, 1996"
,"Hercostomus gracilis","Hercostomus gracilis (Stannius, 1831)","1602437","EXACT","99","ACCEPTED","SPECIES","Animalia","Arthropoda","Insecta","Diptera","Dolichopodidae","Hercostomus","Hercostomus gracilis","Hercostomus gracilis","(Stannius, 1831) "
,"Hercostomus nigripennis","Hercostomus nigripennis (Fallén, 1823)","1602155","EXACT","99","ACCEPTED","SPECIES","Animalia","Arthropoda","Insecta","Diptera","Dolichopodidae","Hercostomus","Hercostomus nigripennis","Hercostomus nigripennis","(Fallén, 1823) "
,"Hercostomus rusticus","Hercostomus rusticus (Meigen, 1824)","1602421","EXACT","99","ACCEPTED","SPECIES","Animalia","Arthropoda","Insecta","Diptera","Dolichopodidae","Hercostomus","Hercostomus rusticus","Hercostomus rusticus","(Meigen, 1824) "
,"Hydrophorus albiceps","Hydrophorus albiceps Frey, 1915","5084497","EXACT","99","ACCEPTED","SPECIES","Animalia","Arthropoda","Insecta","Diptera","Dolichopodidae","Hydrophorus","Hydrophorus albiceps","Hydrophorus albiceps","Frey, 1915"
,"Hydrophorus oceanus","Hydrophorus oceanus (Macquart, 1838)","5084484","EXACT","99","ACCEPTED","SPECIES","Animalia","Arthropoda","Insecta","Diptera","Dolichopodidae","Hydrophorus","Hydrophorus oceanus","Hydrophorus oceanus","(Macquart, 1838) "
,"Machaerium maritimae","Machaerium maritimae Haliday, 1832","5084033","EXACT","99","ACCEPTED","SPECIES","Animalia","Arthropoda","Insecta","Diptera","Dolichopodidae","Machaerium","Machaerium maritimae","Machaerium maritimae","Haliday, 1832"
,"Argyra grata","Argyra grata Loew, 1857","1606940","EXACT","99","ACCEPTED","SPECIES","Animalia","Arthropoda","Insecta","Diptera","Dolichopodidae","Argyra","Argyra grata","Argyra grata","Loew, 1857"
,"Muscidideicus praetextatus","Muscidideicus praetextatus (Haliday, 1855)","1605696","EXACT","99","ACCEPTED","SPECIES","Animalia","Arthropoda","Insecta","Diptera","Dolichopodidae","Muscidideicus","Muscidideicus praetextatus","Muscidideicus praetextatus","(Haliday, 1855) "
,"Nematoproctus distendens","Nematoproctus distendens (Meigen, 1824)","1608050","EXACT","99","ACCEPTED","SPECIES","Animalia","Arthropoda","Insecta","Diptera","Dolichopodidae","Nematoproctus","Nematoproctus distendens","Nematoproctus distendens","(Meigen, 1824) "
,"Poecilobothrus principalis","Poecilobothrus principalis (Loew, 1861)","4518094","EXACT","98","SYNONYM","SPECIES","Animalia","Arthropoda","Insecta","Diptera","Dolichopodidae","Poecilobothrus","Poecilobothrus fumipennis","Poecilobothrus principalis","(Loew, 1861) "
,"Rhaphium bilamellatum","Rhaphium bilamellatum (Becker, 1918)","6098561","EXACT","98","SYNONYM","SPECIES","Animalia","Arthropoda","Insecta","Diptera","Dolichopodidae","Rhaphium","Rhaphium fissum","Rhaphium bilamellatum","(Becker, 1918) "
,"Rhaphium brevicorne","Rhaphium brevicorne Curtis, 1835","10913740","EXACT","98","ACCEPTED","SPECIES","Animalia","Arthropoda","Insecta","Diptera","Dolichopodidae","Rhaphium","Rhaphium brevicorne","Rhaphium brevicorne","Curtis, 1835"
,"Rhaphium commune","Rhaphium commune (Meigen, 1824)","5083365","EXACT","99","ACCEPTED","SPECIES","Animalia","Arthropoda","Insecta","Diptera","Dolichopodidae","Rhaphium","Rhaphium commune","Rhaphium commune","(Meigen, 1824) "
,"Rhaphium consobrinum","Rhaphium consobrinum Zetterstedt, 1843","5083297","EXACT","98","SYNONYM","SPECIES","Animalia","Arthropoda","Insecta","Diptera","Dolichopodidae","Rhaphium","Rhaphium discolor","Rhaphium consobrinum","Zetterstedt, 1843"
,"Rhaphium monotrichum","Rhaphium monotrichum Loew, 1850","5083528","EXACT","99","ACCEPTED","SPECIES","Animalia","Arthropoda","Insecta","Diptera","Dolichopodidae","Rhaphium","Rhaphium monotrichum","Rhaphium monotrichum","Loew, 1850"
,"Sciapus laetus","Sciapus laetus (Meigen, 1838)","1603681","EXACT","99","ACCEPTED","SPECIES","Animalia","Arthropoda","Insecta","Diptera","Dolichopodidae","Sciapus","Sciapus laetus","Sciapus laetus","(Meigen, 1838) "
,"Sciapus longulus","Sciapus longulus (Fallén, 1823)","1603622","EXACT","99","ACCEPTED","SPECIES","Animalia","Arthropoda","Insecta","Diptera","Dolichopodidae","Sciapus","Sciapus longulus","Sciapus longulus","(Fallén, 1823) "
,"Sciapus maritimus","Sciapus maritimus Becker, 1918","1603601","EXACT","99","ACCEPTED","SPECIES","Animalia","Arthropoda","Insecta","Diptera","Dolichopodidae","Sciapus","Sciapus maritimus","Sciapus maritimus","Becker, 1918"
,"Syntormon aulicum","Syntormon aulicus (Meigen, 1824)","1603938","FUZZY","96","ACCEPTED","SPECIES","Animalia","Arthropoda","Insecta","Diptera","Dolichopodidae","Syntormon","Syntormon aulicus","Syntormon aulicus","(Meigen, 1824) "
,"Syntormon filiger","Syntormon filiger Verrall, 1912","1603976","EXACT","99","ACCEPTED","SPECIES","Animalia","Arthropoda","Insecta","Diptera","Dolichopodidae","Syntormon","Syntormon filiger","Syntormon filiger","Verrall, 1912"
,"Syntormon fuscipes","Syntormon fuscipes (Roser, 1840)","1603992","EXACT","99","ACCEPTED","SPECIES","Animalia","Arthropoda","Insecta","Diptera","Dolichopodidae","Syntormon","Syntormon fuscipes","Syntormon fuscipes","(Roser, 1840) "
,"Tachytrechus insignis","Tachytrechus insignis (Stannius, 1831)","1609995","EXACT","99","ACCEPTED","SPECIES","Animalia","Arthropoda","Insecta","Diptera","Dolichopodidae","Tachytrechus","Tachytrechus insignis","Tachytrechus insignis","(Stannius, 1831) "
,"Thinophilus flavipalpis","Thinophilus flavipalpis (Zetterstedt, 1843)","1606381","EXACT","99","ACCEPTED","SPECIES","Animalia","Arthropoda","Insecta","Diptera","Dolichopodidae","Thinophilus","Thinophilus flavipalpis","Thinophilus flavipalpis","(Zetterstedt, 1843) "
,"Thinophilus ruficornis","Thinophilus ruficornis (Haliday, 1838)","1606338","EXACT","99","ACCEPTED","SPECIES","Animalia","Arthropoda","Insecta","Diptera","Dolichopodidae","Thinophilus","Thinophilus ruficornis","Thinophilus ruficornis","(Haliday, 1838) "
,"Chrysotus cupreus","Chrysotus cupreus Macquart, 1828","1605903","EXACT","99","ACCEPTED","SPECIES","Animalia","Arthropoda","Insecta","Diptera","Dolichopodidae","Chrysotus","Chrysotus cupreus","Chrysotus cupreus","Macquart, 1828"
,"Chrysotus laesus","Chrysotus laesus (Wiedemann, 1817)","1606044","EXACT","99","ACCEPTED","SPECIES","Animalia","Arthropoda","Insecta","Diptera","Dolichopodidae","Chrysotus","Chrysotus laesus","Chrysotus laesus","(Wiedemann, 1817) "
,"Chrysotus monochaetus","Chrysotus monochaetus Kowarz, 1875","1605911","EXACT","99","ACCEPTED","SPECIES","Animalia","Arthropoda","Insecta","Diptera","Dolichopodidae","Chrysotus","Chrysotus monochaetus","Chrysotus monochaetus","Kowarz, 1875"
,"Chrysotus obscuripes","Chrysotus obscuripes Zetterstedt, 1838","1606136","EXACT","99","ACCEPTED","SPECIES","Animalia","Arthropoda","Insecta","Diptera","Dolichopodidae","Chrysotus","Chrysotus obscuripes","Chrysotus obscuripes","Zetterstedt, 1838"
,"Diaphorus oculatus","Diaphorus oculatus (Fallén, 1823)","1607679","EXACT","99","ACCEPTED","SPECIES","Animalia","Arthropoda","Insecta","Diptera","Dolichopodidae","Diaphorus","Diaphorus oculatus","Diaphorus oculatus","(Fallén, 1823) "
,"Dolichopus acuticornis","Dolichopus acuticornis Wiedemann, 1817","1605004","EXACT","97","ACCEPTED","SPECIES","Animalia","Arthropoda","Insecta","Diptera","Dolichopodidae","Dolichopus","Dolichopus acuticornis","Dolichopus acuticornis","Wiedemann, 1817"
,"Dolichopus clavipes","Dolichopus clavipes Haliday, 1832","1605556","EXACT","97","ACCEPTED","SPECIES","Animalia","Arthropoda","Insecta","Diptera","Dolichopodidae","Dolichopus","Dolichopus clavipes","Dolichopus clavipes","Haliday, 1832"
,"Dolichopus latipennis","Dolichopus latipennis Fallén, 1823","1605683","EXACT","97","ACCEPTED","SPECIES","Animalia","Arthropoda","Insecta","Diptera","Dolichopodidae","Dolichopus","Dolichopus latipennis","Dolichopus latipennis","Fallén, 1823"
,"Dolichopus longitarsis","Dolichopus longitarsis Stannius, 1831","1605117","EXACT","97","ACCEPTED","SPECIES","Animalia","Arthropoda","Insecta","Diptera","Dolichopodidae","Dolichopus","Dolichopus longitarsis","Dolichopus longitarsis","Stannius, 1831"
,"Dolichopus migrans","Dolichopus migrans Zetterstedt, 1843","1605362","EXACT","97","ACCEPTED","SPECIES","Animalia","Arthropoda","Insecta","Diptera","Dolichopodidae","Dolichopus","Dolichopus migrans","Dolichopus migrans","Zetterstedt, 1843"
,"Dolichopus notatus","Dolichopus notatus Staeger, 1842","1605635","EXACT","97","ACCEPTED","SPECIES","Animalia","Arthropoda","Insecta","Diptera","Dolichopodidae","Dolichopus","Dolichopus notatus","Dolichopus notatus","Staeger, 1842"
,"Dolichopus planitarsis","Dolichopus planitarsis Fallén, 1823","1605324","EXACT","97","ACCEPTED","SPECIES","Animalia","Arthropoda","Insecta","Diptera","Dolichopodidae","Dolichopus","Dolichopus planitarsis","Dolichopus planitarsis","Fallén, 1823"
,"Aphrosylus ferox","Aphrosylus ferox Haliday, 1851","1609151","EXACT","99","ACCEPTED","SPECIES","Animalia","Arthropoda","Insecta","Diptera","Dolichopodidae","Aphrosylus","Aphrosylus ferox","Aphrosylus ferox","Haliday, 1851"
,"Dolichopus sabinus","Dolichopus sabinus Haliday, 1838","1605036","EXACT","97","ACCEPTED","SPECIES","Animalia","Arthropoda","Insecta","Diptera","Dolichopodidae","Dolichopus","Dolichopus sabinus","Dolichopus sabinus","Haliday, 1838"
,"Dolichopus strigipes","Dolichopus strigipes Verrall, 1875","1605100","EXACT","97","ACCEPTED","SPECIES","Animalia","Arthropoda","Insecta","Diptera","Dolichopodidae","Dolichopus","Dolichopus strigipes","Dolichopus strigipes","Verrall, 1875"
,"Calopteryx virgo","Calopteryx virgo Linnaeus, 1758","1427037","EXACT","99","ACCEPTED","SPECIES","Animalia","Arthropoda","Insecta","Odonata","Calopterygidae","Calopteryx","Calopteryx virgo","Calopteryx virgo","Linnaeus, 1758"
,"Coenagrion hastulatum","Coenagrion hastulatum Charpentier, 1825","1422001","EXACT","99","ACCEPTED","SPECIES","Animalia","Arthropoda","Insecta","Odonata","Coenagrionidae","Coenagrion","Coenagrion hastulatum","Coenagrion hastulatum","Charpentier, 1825"
,"Coenagrion lunulatum","Coenagrion lunulatum Charpentier, 1840","1422025","EXACT","99","ACCEPTED","SPECIES","Animalia","Arthropoda","Insecta","Odonata","Coenagrionidae","Coenagrion","Coenagrion lunulatum","Coenagrion lunulatum","Charpentier, 1840"
,"Coenagrion pulchellum","Coenagrion pulchellum Vander Linden, 1825","1421980","EXACT","99","ACCEPTED","SPECIES","Animalia","Arthropoda","Insecta","Odonata","Coenagrionidae","Coenagrion","Coenagrion pulchellum","Coenagrion pulchellum","Vander Linden, 1825"
,"Cordulegaster boltonii","Cordulegaster boltonii Donovan, 1807","1421161","EXACT","99","ACCEPTED","SPECIES","Animalia","Arthropoda","Insecta","Odonata","Cordulegastridae","Cordulegaster","Cordulegaster boltonii","Cordulegaster boltonii","Donovan, 1807"
,"Cordulia aenea","Cordulia aenea Linnaeus, 1758","1429717","EXACT","99","ACCEPTED","SPECIES","Animalia","Arthropoda","Insecta","Odonata","Corduliidae","Cordulia","Cordulia aenea","Cordulia aenea","Linnaeus, 1758"
,"Erythromma najas","Erythromma najas Hansemann, 1823","1423018","EXACT","99","ACCEPTED","SPECIES","Animalia","Arthropoda","Insecta","Odonata","Coenagrionidae","Erythromma","Erythromma najas","Erythromma najas","Hansemann, 1823"
,"Gomphus vulgatissimus","Gomphus vulgatissimus Linnaeus, 1758","5051951","EXACT","99","ACCEPTED","SPECIES","Animalia","Arthropoda","Insecta","Odonata","Gomphidae","Gomphus","Gomphus vulgatissimus","Gomphus vulgatissimus","Linnaeus, 1758"
,"Ischnura pumilio","Ischnura pumilio Charpentier, 1825","1423317","EXACT","99","ACCEPTED","SPECIES","Animalia","Arthropoda","Insecta","Odonata","Coenagrionidae","Ischnura","Ischnura pumilio","Ischnura pumilio","Charpentier, 1825"
,"Aeshna isoceles","Aeshna isoceles (Müller, 1767)","4513948","EXACT","99","ACCEPTED","SPECIES","Animalia","Arthropoda","Insecta","Odonata","Aeshnidae","Aeshna","Aeshna isoceles","Aeshna isoceles","(Müller, 1767) "
,"Lestes dryas","Lestes dryas Kirby, 1890","1424045","EXACT","99","ACCEPTED","SPECIES","Animalia","Arthropoda","Insecta","Odonata","Lestidae","Lestes","Lestes dryas","Lestes dryas","Kirby, 1890"
,"Leucorrhinia dubia","Leucorrhinia dubia Vander Linden, 1825","1429207","EXACT","99","ACCEPTED","SPECIES","Animalia","Arthropoda","Insecta","Odonata","Libellulidae","Leucorrhinia","Leucorrhinia dubia","Leucorrhinia dubia","Vander Linden, 1825"
,"Leucorrhinia rubicunda","Leucorrhinia rubicunda Linnaeus, 1758","1429173","EXACT","99","ACCEPTED","SPECIES","Animalia","Arthropoda","Insecta","Odonata","Libellulidae","Leucorrhinia","Leucorrhinia rubicunda","Leucorrhinia rubicunda","Linnaeus, 1758"
,"Libellula fulva","Libellula fulva Müller, 1764","1427936","EXACT","99","ACCEPTED","SPECIES","Animalia","Arthropoda","Insecta","Odonata","Libellulidae","Libellula","Libellula fulva","Libellula fulva","Müller, 1764"
,"Orthetrum coerulescens","Orthetrum coerulescens Fabricius, 1798","1428583","EXACT","99","ACCEPTED","SPECIES","Animalia","Arthropoda","Insecta","Odonata","Libellulidae","Orthetrum","Orthetrum coerulescens","Orthetrum coerulescens","Fabricius, 1798"
,"Somatochlora arctica","Somatochlora arctica Zetterstedt, 1840","1429997","EXACT","99","ACCEPTED","SPECIES","Animalia","Arthropoda","Insecta","Odonata","Corduliidae","Somatochlora","Somatochlora arctica","Somatochlora arctica","Zetterstedt, 1840"
,"Somatochlora flavomaculata","Somatochlora flavomaculata Vander Linden, 1825","1429969","EXACT","99","ACCEPTED","SPECIES","Animalia","Arthropoda","Insecta","Odonata","Corduliidae","Somatochlora","Somatochlora flavomaculata","Somatochlora flavomaculata","Vander Linden, 1825"
,"Somatochlora metallica","Somatochlora metallica Vander Linden, 1825","7845669","EXACT","99","ACCEPTED","SPECIES","Animalia","Arthropoda","Insecta","Odonata","Corduliidae","Somatochlora","Somatochlora metallica","Somatochlora metallica","Vander Linden, 1825"
,"Sympecma fusca","Sympecma fusca Vander Linden, 1820","1424207","EXACT","99","ACCEPTED","SPECIES","Animalia","Arthropoda","Insecta","Odonata","Lestidae","Sympecma","Sympecma fusca","Sympecma fusca","Vander Linden, 1820"
,"Brachytron pratense","Brachytron pratense Müller, 1764","1425146","EXACT","99","ACCEPTED","SPECIES","Animalia","Arthropoda","Insecta","Odonata","Aeshnidae","Brachytron","Brachytron pratense","Brachytron pratense","Müller, 1764"
,"Chelifera precatoria","Chelifera precatoria (Fallén, 1816)","1584569","EXACT","99","ACCEPTED","SPECIES","Animalia","Arthropoda","Insecta","Diptera","Empididae","Chelifera","Chelifera precatoria","Chelifera precatoria","(Fallén, 1816) "
,"Hilara lurida","Hilara lurida (Fallén, 1816)","5079613","EXACT","99","ACCEPTED","SPECIES","Animalia","Arthropoda","Insecta","Diptera","Empididae","Hilara","Hilara lurida","Hilara lurida","(Fallén, 1816) "
,"Hilara pilosa","Hilara pilosa Zetterstedt, 1842","5079629","EXACT","99","ACCEPTED","SPECIES","Animalia","Arthropoda","Insecta","Diptera","Empididae","Hilara","Hilara pilosa","Hilara pilosa","Zetterstedt, 1842"
,"Hilara sturmii","Hilara sturmii Meigen, 1822","5079546","EXACT","98","ACCEPTED","SPECIES","Animalia","Arthropoda","Insecta","Diptera","Empididae","Hilara","Hilara sturmii","Hilara sturmii","Meigen, 1822"
,"Hybos femoratus","Hybos femoratus (Müller, 1776)","1458763","EXACT","99","ACCEPTED","SPECIES","Animalia","Arthropoda","Insecta","Diptera","Hybotidae","Hybos","Hybos femoratus","Hybos femoratus","(Müller, 1776) "
,"Hybos grossipes","Hybos grossipes (Linnaeus, 1767)","1458751","EXACT","99","ACCEPTED","SPECIES","Animalia","Arthropoda","Insecta","Diptera","Hybotidae","Hybos","Hybos grossipes","Hybos grossipes","(Linnaeus, 1767) "
,"Microphor crassipes","Microphor crassipes Macquart, 1828","1609725","EXACT","99","ACCEPTED","SPECIES","Animalia","Arthropoda","Insecta","Diptera","Dolichopodidae","Microphor","Microphor crassipes","Microphor crassipes","Macquart, 1828"
,"Chersodromia cursitans","Chersodromia cursitans (Zetterstedt, 1819)","1459039","EXACT","99","ACCEPTED","SPECIES","Animalia","Arthropoda","Insecta","Diptera","Hybotidae","Chersodromia","Chersodromia cursitans","Chersodromia cursitans","(Zetterstedt, 1819) "
,"Platypalpus excisus","Platypalpus excisus (Becker, 1907)","4514767","EXACT","98","SYNONYM","SPECIES","Animalia","Arthropoda","Insecta","Diptera","Hybotidae","Platypalpus","Platypalpus excavatus","Platypalpus excisus","(Becker, 1907) "
,"Chersodromia incana","Chersodromia incana Walker, 1852","4514753","EXACT","98","ACCEPTED","SPECIES","Animalia","Arthropoda","Insecta","Diptera","Hybotidae","Chersodromia","Chersodromia incana","Chersodromia incana","Walker, 1852"
,"Platypalpus praecinctus","Platypalpus praecinctus (Collin, 1926)","1457858","EXACT","99","ACCEPTED","SPECIES","Animalia","Arthropoda","Insecta","Diptera","Hybotidae","Platypalpus","Platypalpus praecinctus","Platypalpus praecinctus","(Collin, 1926) "
,"Platypalpus rapidus","Platypalpus rapidus (Meigen, 1822)","1457630","EXACT","99","ACCEPTED","SPECIES","Animalia","Arthropoda","Insecta","Diptera","Hybotidae","Platypalpus","Platypalpus rapidus","Platypalpus rapidus","(Meigen, 1822) "
,"Platypalpus strigifrons","Platypalpus strigifrons (Zetterstedt, 1849)","1457279","EXACT","99","ACCEPTED","SPECIES","Animalia","Arthropoda","Insecta","Diptera","Hybotidae","Platypalpus","Platypalpus strigifrons","Platypalpus strigifrons","(Zetterstedt, 1849) "
,"Bicellaria nigra","Bicellaria nigra (Meigen, 1824)","7742306","EXACT","97","ACCEPTED","SPECIES","Animalia","Arthropoda","Insecta","Diptera","Hybotidae","Bicellaria","Bicellaria nigra","Bicellaria nigra","(Meigen, 1824) "
,"Platypalpus verralli","Platypalpus verralli (Collin, 1926)","1457701","EXACT","99","ACCEPTED","SPECIES","Animalia","Arthropoda","Insecta","Diptera","Hybotidae","Platypalpus","Platypalpus verralli","Platypalpus verralli","(Collin, 1926) "
,"Crossopalpus curvipes","Crossopalpus curvipes (Meigen, 1822)","1458098","EXACT","99","ACCEPTED","SPECIES","Animalia","Arthropoda","Insecta","Diptera","Hybotidae","Crossopalpus","Crossopalpus curvipes","Crossopalpus curvipes","(Meigen, 1822) "
,"Rhamphomyia crassirostris","Rhamphomyia crassirostris (Fallén, 1816)","1585538","EXACT","99","ACCEPTED","SPECIES","Animalia","Arthropoda","Insecta","Diptera","Empididae","Rhamphomyia","Rhamphomyia crassirostris","Rhamphomyia crassirostris","(Fallén, 1816) "
,"Rhamphomyia marginata","Rhamphomyia marginata (Fabricius, 1787)","1585701","EXACT","99","ACCEPTED","SPECIES","Animalia","Arthropoda","Insecta","Diptera","Empididae","Rhamphomyia","Rhamphomyia marginata","Rhamphomyia marginata","(Fabricius, 1787) "
,"Rhamphomyia physoprocta","Rhamphomyia physoprocta Frey, 1913","1585483","EXACT","97","ACCEPTED","SPECIES","Animalia","Arthropoda","Insecta","Diptera","Empididae","Rhamphomyia","Rhamphomyia physoprocta","Rhamphomyia physoprocta","Frey, 1913"
,"Syndyas nigripes","Syndyas nigripes (Zetterstedt, 1842)","1458985","EXACT","99","ACCEPTED","SPECIES","Animalia","Arthropoda","Insecta","Diptera","Hybotidae","Syndyas","Syndyas nigripes","Syndyas nigripes","(Zetterstedt, 1842) "
,"Tachydromia costalis","Tachydromia costalis (Roser, 1840)","1459362","EXACT","99","ACCEPTED","SPECIES","Animalia","Arthropoda","Insecta","Diptera","Hybotidae","Tachydromia","Tachydromia costalis","Tachydromia costalis","(Roser, 1840) "
,"Tachydromia sabulosa","Tachydromia sabulosa Meigen, 1830","1459337","EXACT","99","ACCEPTED","SPECIES","Animalia","Arthropoda","Insecta","Diptera","Hybotidae","Tachydromia","Tachydromia sabulosa","Tachydromia sabulosa","Meigen, 1830"
,"Trichopeza longicornis","Trichopeza longicornis (Meigen, 1822)","1444907","EXACT","97","ACCEPTED","SPECIES","Animalia","Arthropoda","Insecta","Diptera","Empididae","Trichopeza","Trichopeza longicornis","Trichopeza longicornis","(Meigen, 1822) "
,"Empis aemula","Empis aemula Loew, 1873","1583531","EXACT","97","ACCEPTED","SPECIES","Animalia","Arthropoda","Insecta","Diptera","Empididae","Empis","Empis aemula","Empis aemula","Loew, 1873"
,"Empis borealis","Empis borealis Linnaeus, 1758","1583448","EXACT","97","ACCEPTED","SPECIES","Animalia","Arthropoda","Insecta","Diptera","Empididae","Empis","Empis borealis","Empis borealis","Linnaeus, 1758"
,"Empis digramma","Empis digramma Meigen, 1835","4515892","EXACT","99","ACCEPTED","SPECIES","Animalia","Arthropoda","Insecta","Diptera","Empididae","Empis","Empis digramma","Empis digramma","Meigen, 1835"
,"Empis serotina","Empis serotina Loew, 1867","1583684","EXACT","97","ACCEPTED","SPECIES","Animalia","Arthropoda","Insecta","Diptera","Empididae","Empis","Empis serotina","Empis serotina","Loew, 1867"
,"Hilara beckeri","Hilara beckeri Strobl, 1892","5079678","EXACT","99","ACCEPTED","SPECIES","Animalia","Arthropoda","Insecta","Diptera","Empididae","Hilara","Hilara beckeri","Hilara beckeri","Strobl, 1892"
,"Hilara brevistyla","Hilara brevistyla Collin, 1927","5079588","EXACT","99","ACCEPTED","SPECIES","Animalia","Arthropoda","Insecta","Diptera","Empididae","Hilara","Hilara brevistyla","Hilara brevistyla","Collin, 1927"
,"Hilara canescens","Hilara canescens Zetterstedt, 1849","5079553","EXACT","99","ACCEPTED","SPECIES","Animalia","Arthropoda","Insecta","Diptera","Empididae","Hilara","Hilara canescens","Hilara canescens","Zetterstedt, 1849"
,"Hilara fuscipes","Hilara fuscipes Becker, 1887","9434271","EXACT","98","SYNONYM","SPECIES","Animalia","Arthropoda","Insecta","Diptera","Empididae","Hilara","Hilara platyura","Hilara fuscipes","Becker, 1887"
,"Hilara gallica","Hilara gallica (Meigen, 1804)","5079568","EXACT","99","ACCEPTED","SPECIES","Animalia","Arthropoda","Insecta","Diptera","Empididae","Hilara","Hilara gallica","Hilara gallica","(Meigen, 1804) "
,"Hilara litorea","Hilara litorea (Fallén, 1816)","5079377","EXACT","99","ACCEPTED","SPECIES","Animalia","Arthropoda","Insecta","Diptera","Empididae","Hilara","Hilara litorea","Hilara litorea","(Fallén, 1816) "
,"Lampetra planeri","Lampetra planeri (Bloch, 1784)","2421402","EXACT","99","ACCEPTED","SPECIES","Animalia","Chordata","Petromyzonti","Petromyzontiformes","Petromyzontidae","Lampetra","Lampetra planeri","Lampetra planeri","(Bloch, 1784) "
,"Alburnoides bipunctatus","Alburnoides bipunctatus (Bloch, 1782)","2360305","EXACT","99","ACCEPTED","SPECIES","Animalia","Chordata",,"Cypriniformes","Cyprinidae","Alburnoides","Alburnoides bipunctatus","Alburnoides bipunctatus","(Bloch, 1782) "
,"Geastrum campestre","Geastrum campestre Morgan","2554353","EXACT","99","ACCEPTED","SPECIES","Fungi","Basidiomycota","Agaricomycetes","Geastrales","Geastraceae","Geastrum","Geastrum campestre","Geastrum campestre","Morgan"
,"Geastrum fimbriatum","Geastrum fimbriatum Fr.","2554355","EXACT","98","ACCEPTED","SPECIES","Fungi","Basidiomycota","Agaricomycetes","Geastrales","Geastraceae","Geastrum","Geastrum fimbriatum","Geastrum fimbriatum","Fr."
,"Geastrum floriforme","Geastrum floriforme Vittad.","2554326","EXACT","99","ACCEPTED","SPECIES","Fungi","Basidiomycota","Agaricomycetes","Geastrales","Geastraceae","Geastrum","Geastrum floriforme","Geastrum floriforme","Vittad."
,"Geastrum fornicatum","Geastrum fornicatum (Huds.) Hook.","2554359","EXACT","99","ACCEPTED","SPECIES","Fungi","Basidiomycota","Agaricomycetes","Geastrales","Geastraceae","Geastrum","Geastrum fornicatum","Geastrum fornicatum","(Huds.) Hook."
,"Geastrum rufescens","Geastrum rufescens Pers.","2554340","EXACT","99","ACCEPTED","SPECIES","Fungi","Basidiomycota","Agaricomycetes","Geastrales","Geastraceae","Geastrum","Geastrum rufescens","Geastrum rufescens","Pers."
,"Geastrum schmidelii","Geastrum schmidelii Vittad.","2554329","EXACT","98","SYNONYM","SPECIES","Fungi","Basidiomycota","Agaricomycetes","Geastrales","Geastraceae","Geastrum","Geastrum nanum","Geastrum schmidelii","Vittad."
,"Geoglossum atropurpureum","Geoglossum atropurpureum (Batsch) Pers.","2586879","EXACT","97","ACCEPTED","SPECIES","Fungi","Ascomycota","Geoglossomycetes","Geoglossales","Geoglossaceae","Geoglossum","Geoglossum atropurpureum","Geoglossum atropurpureum","(Batsch) Pers."
,"Geoglossum difforme","Geoglossum difforme Fr.","2586852","EXACT","99","ACCEPTED","SPECIES","Fungi","Ascomycota","Geoglossomycetes","Geoglossales","Geoglossaceae","Geoglossum","Geoglossum difforme","Geoglossum difforme","Fr."
,"Geoglossum fallax","Geoglossum fallax E.J.Durand","2586856","EXACT","99","ACCEPTED","SPECIES","Fungi","Ascomycota","Geoglossomycetes","Geoglossales","Geoglossaceae","Geoglossum","Geoglossum fallax","Geoglossum fallax","E.J.Durand"
,"Geoglossum glutinosum","Geoglossaceae","8380","HIGHERRANK","97","ACCEPTED","FAMILY","Fungi","Ascomycota","Geoglossomycetes","Geoglossales","Geoglossaceae",,,"Geoglossaceae",
,"Geoglossum umbratile","Geoglossum umbratile Sacc.","2586857","EXACT","99","ACCEPTED","SPECIES","Fungi","Ascomycota","Geoglossomycetes","Geoglossales","Geoglossaceae","Geoglossum","Geoglossum umbratile","Geoglossum umbratile","Sacc."
,"Amanita porphyria","Amanita porphyria Alb. & Schwein.","5240279","EXACT","97","ACCEPTED","SPECIES","Fungi","Basidiomycota","Agaricomycetes","Agaricales","Amanitaceae","Amanita","Amanita porphyria","Amanita porphyria","Alb. & Schwein."
,"Gomphidius glutinosus","Gomphidius glutinosus (Schaeff.) Fr.","2525027","EXACT","99","ACCEPTED","SPECIES","Fungi","Basidiomycota","Agaricomycetes","Boletales","Gomphidiaceae","Gomphidius","Gomphidius glutinosus","Gomphidius glutinosus","(Schaeff.) Fr."
,"Gomphidius roseus","Gomphidius roseus (Fr.) Fr.","2525048","EXACT","97","ACCEPTED","SPECIES","Fungi","Basidiomycota","Agaricomycetes","Boletales","Gomphidiaceae","Gomphidius","Gomphidius roseus","Gomphidius roseus","(Fr.) Fr."
,"Gyrodon lividus","Gyrodon lividus (Bull.) Sacc.","8972210","EXACT","97","ACCEPTED","SPECIES","Fungi","Basidiomycota","Agaricomycetes","Boletales","Paxillaceae","Gyrodon","Gyrodon lividus","Gyrodon lividus","(Bull.) Sacc."
,"Gyromitra esculenta","Gyromitra esculenta (Pers.) Fr.","5258510","EXACT","99","ACCEPTED","SPECIES","Fungi","Ascomycota","Pezizomycetes","Pezizales","Discinaceae","Gyromitra","Gyromitra esculenta","Gyromitra esculenta","(Pers.) Fr."
,"Gyroporus castaneus","Gyroporus castaneus (Bull.) Quél.","9133361","EXACT","99","ACCEPTED","SPECIES","Fungi","Basidiomycota","Agaricomycetes","Boletales","Gyroporaceae","Gyroporus","Gyroporus castaneus","Gyroporus castaneus","(Bull.) Quél."
,"Gyroporus cyanescens","Gyroporus cyanescens (Bull.) Quél.","2524265","EXACT","99","ACCEPTED","SPECIES","Fungi","Basidiomycota","Agaricomycetes","Boletales","Gyroporaceae","Gyroporus","Gyroporus cyanescens","Gyroporus cyanescens","(Bull.) Quél."
,"Helvella cupuliformis","Helvella cupuliformis Dissing & Nannf.","2594754","EXACT","99","ACCEPTED","SPECIES","Fungi","Ascomycota","Pezizomycetes","Pezizales","Helvellaceae","Helvella","Helvella cupuliformis","Helvella cupuliformis","Dissing & Nannf."
,"Helvella leucomelaena","Helvella leucomelaena (Pers.) Nannf.","2594810","EXACT","99","ACCEPTED","SPECIES","Fungi","Ascomycota","Pezizomycetes","Pezizales","Helvellaceae","Helvella","Helvella leucomelaena","Helvella leucomelaena","(Pers.) Nannf."
,"Amanita solitaria","Amanita solitaria (Bull.) Fr.","5240219","EXACT","97","SYNONYM","SPECIES","Fungi","Basidiomycota","Agaricomycetes","Agaricales","Amanitaceae","Aspidella","Aspidella solitaria","Amanita solitaria","(Bull.) Fr."
,"Helvella macropus","Helvella macropus (Pers.) P.Karst.","2594776","EXACT","99","ACCEPTED","SPECIES","Fungi","Ascomycota","Pezizomycetes","Pezizales","Helvellaceae","Helvella","Helvella macropus","Helvella macropus","(Pers.) P.Karst."
,"Helvella spadicea","Helvella spadicea Schaeff.","3492738","EXACT","99","ACCEPTED","SPECIES","Fungi","Ascomycota","Pezizomycetes","Pezizales","Helvellaceae","Helvella","Helvella spadicea","Helvella spadicea","Schaeff."
,"Hericium coralloides","Hericium coralloides (Scop.) Pers.","5248532","EXACT","99","ACCEPTED","SPECIES","Fungi","Basidiomycota","Agaricomycetes","Russulales","Hericiaceae","Hericium","Hericium coralloides","Hericium coralloides","(Scop.) Pers."
,"Hericium erinaceus","Hericium erinaceus (Bull.) Pers.","5248508","EXACT","99","ACCEPTED","SPECIES","Fungi","Basidiomycota","Agaricomycetes","Russulales","Hericiaceae","Hericium","Hericium erinaceus","Hericium erinaceus","(Bull.) Pers."
,"Amanita strobiliformis","Amanita strobiliformis (Paulet ex Vittad.) Bertill.","5240217","EXACT","97","ACCEPTED","SPECIES","Fungi","Basidiomycota","Agaricomycetes","Agaricales","Amanitaceae","Amanita","Amanita strobiliformis","Amanita strobiliformis","(Paulet ex Vittad.) Bertill."
,"Hydnellum compactum","Hydnellum compactum (Pers.) P.Karst.","2522307","EXACT","99","ACCEPTED","SPECIES","Fungi","Basidiomycota","Agaricomycetes","Thelephorales","Bankeraceae","Hydnellum","Hydnellum compactum","Hydnellum compactum","(Pers.) P.Karst."
,"Hydnellum concrescens","Hydnellum concrescens","4911185","EXACT","98","ACCEPTED","SPECIES","Fungi","Basidiomycota","Agaricomycetes","Thelephorales","Bankeraceae","Hydnellum","Hydnellum concrescens","Hydnellum concrescens",
,"Hydnellum ferrugineum","Hydnellum ferrugineum (Fr.) P.Karst.","2522229","EXACT","99","ACCEPTED","SPECIES","Fungi","Basidiomycota","Agaricomycetes","Thelephorales","Bankeraceae","Hydnellum","Hydnellum ferrugineum","Hydnellum ferrugineum","(Fr.) P.Karst."
,"Hydnellum spongiosipes","Hydnellum spongiosipes (Peck) Pouzar","2522335","EXACT","99","ACCEPTED","SPECIES","Fungi","Basidiomycota","Agaricomycetes","Thelephorales","Bankeraceae","Hydnellum","Hydnellum spongiosipes","Hydnellum spongiosipes","(Peck) Pouzar"
,"Hydnum repandum","Hydnum repandum L.","2554716","EXACT","97","ACCEPTED","SPECIES","Fungi","Basidiomycota","Agaricomycetes","Cantharellales","Cantharellaceae","Hydnum","Hydnum repandum","Hydnum repandum","L."
,"Hygrocybe calyptriformis","Hygrocybe calyptriformis (Berk.) Fayod","3345250","EXACT","98","SYNONYM","SPECIES","Fungi","Basidiomycota","Agaricomycetes","Agaricales","Hygrophoraceae","Porpolomopsis","Porpolomopsis calyptriformis","Hygrocybe calyptriformis","(Berk.) Fayod"
,"Hygrocybe chlorophana","Hygrocybe chlorophana (Fr.) Wünsche","2538630","EXACT","99","ACCEPTED","SPECIES","Fungi","Basidiomycota","Agaricomycetes","Agaricales","Hygrophoraceae","Hygrocybe","Hygrocybe chlorophana","Hygrocybe chlorophana","(Fr.) Wünsche"
,"Hygrocybe coccinea","Hygrocybe coccinea (Schaeff.) P.Kumm.","2538445","EXACT","99","ACCEPTED","SPECIES","Fungi","Basidiomycota","Agaricomycetes","Agaricales","Hygrophoraceae","Hygrocybe","Hygrocybe coccinea","Hygrocybe coccinea","(Schaeff.) P.Kumm."
,"Hygrocybe coccineocrenata","Hygrocybe coccineocrenata (P.D.Orton) M.M.Moser","2538605","EXACT","97","ACCEPTED","SPECIES","Fungi","Basidiomycota","Agaricomycetes","Agaricales","Hygrophoraceae","Hygrocybe","Hygrocybe coccineocrenata","Hygrocybe coccineocrenata","(P.D.Orton) M.M.Moser"
,"Hygrocybe conicoides","Hygrocybe conicoides (P.D.Orton) P.D.Orton & Watling","2538618","EXACT","99","ACCEPTED","SPECIES","Fungi","Basidiomycota","Agaricomycetes","Agaricales","Hygrophoraceae","Hygrocybe","Hygrocybe conicoides","Hygrocybe conicoides","(P.D.Orton) P.D.Orton & Watling"
,"Hygrocybe flavipes","Hygrocybe flavipes (Britzelm.) Arnolds","2538575","EXACT","97","SYNONYM","SPECIES","Fungi","Basidiomycota","Agaricomycetes","Agaricales","Hygrophoraceae","Cuphophyllus","Cuphophyllus flavipes","Hygrocybe flavipes","(Britzelm.) Arnolds"
,"Hygrocybe fornicata","Hygrocybe fornicata (Fr.) Singer","2538622","EXACT","98","SYNONYM","SPECIES","Fungi","Basidiomycota","Agaricomycetes","Agaricales","Hygrophoraceae","Cuphophyllus","Cuphophyllus fornicatus","Hygrocybe fornicata","(Fr.) Singer"
,"Hygrocybe helobia","Hygrocybe helobia (Arnolds) Bon","2538664","EXACT","99","ACCEPTED","SPECIES","Fungi","Basidiomycota","Agaricomycetes","Agaricales","Hygrophoraceae","Hygrocybe","Hygrocybe helobia","Hygrocybe helobia","(Arnolds) Bon"
,"Hygrocybe irrigata","Hygrocybe irrigata (Pers.) Bon","2538509","EXACT","97","SYNONYM","SPECIES","Fungi","Basidiomycota","Agaricomycetes","Agaricales","Hygrophoraceae","Gliophorus","Gliophorus irrigatus","Hygrocybe irrigata","(Pers.) Bon"
,"Hygrocybe konradii","Hygrocybe konradii R.Haller Aar.","3345094","EXACT","97","SYNONYM","SPECIES","Fungi","Basidiomycota","Agaricomycetes","Agaricales","Hygrophoraceae","Hygrocybe","Hygrocybe acutoconica","Hygrocybe konradii","R.Haller Aar."
,"Hygrocybe laeta","Hygrocybe laeta (Pers.) P.Kumm.","3345321","EXACT","98","SYNONYM","SPECIES","Fungi","Basidiomycota","Agaricomycetes","Agaricales","Hygrophoraceae","Gliophorus","Gliophorus laetus","Hygrocybe laeta","(Pers.) P.Kumm."
,"Hygrocybe marchii","Hygrocybe marchii (Bres.) F.H.Møller","7869167","EXACT","97","ACCEPTED","SPECIES","Fungi","Basidiomycota","Agaricomycetes","Agaricales","Hygrophoraceae","Hygrocybe","Hygrocybe marchii","Hygrocybe marchii","(Bres.) F.H.Møller"
,"Amanita virosa","Amanita virosa Bertill.","5240323","EXACT","97","ACCEPTED","SPECIES","Fungi","Basidiomycota","Agaricomycetes","Agaricales","Amanitaceae","Amanita","Amanita virosa","Amanita virosa","Bertill."
,"Hygrocybe perplexa","Hygrocybe perplexa (A.H.Sm. & Hesler) Arnolds","3345228","EXACT","97","SYNONYM","SPECIES","Fungi","Basidiomycota","Agaricomycetes","Agaricales","Hygrophoraceae","Gliophorus","Gliophorus psittacinus","Hygrocybe perplexa","(A.H.Sm. & Hesler) Arnolds"
,"Hygrocybe psittacina","Hygrocybe psittacina (Schaeff.) P.Kumm.","3345224","EXACT","97","SYNONYM","SPECIES","Fungi","Basidiomycota","Agaricomycetes","Agaricales","Hygrophoraceae","Gliophorus","Gliophorus psittacinus","Hygrocybe psittacina","(Schaeff.) P.Kumm."
,"Hygrocybe quieta","Hygrocybe quieta (Kühner) Singer","2538693","EXACT","99","ACCEPTED","SPECIES","Fungi","Basidiomycota","Agaricomycetes","Agaricales","Hygrophoraceae","Hygrocybe","Hygrocybe quieta","Hygrocybe quieta","(Kühner) Singer"
,"Hygrocybe radiata","Hygrocybe radiata Arnolds","2538585","EXACT","99","ACCEPTED","SPECIES","Fungi","Basidiomycota","Agaricomycetes","Agaricales","Hygrophoraceae","Hygrocybe","Hygrocybe radiata","Hygrocybe radiata","Arnolds"
,"Hygrocybe reidii","Hygrocybe reidii Kühner","8369786","EXACT","99","ACCEPTED","SPECIES","Fungi","Basidiomycota","Agaricomycetes","Agaricales","Hygrophoraceae","Hygrocybe","Hygrocybe reidii","Hygrocybe reidii","Kühner"
,"Hygrocybe russocoriacea","Hygrocybe russocoriacea (Berk. & T.K.Mill.) P.D.Orton & Watling","2538568","EXACT","99","ACCEPTED","SPECIES","Fungi","Basidiomycota","Agaricomycetes","Agaricales","Hygrophoraceae","Hygrocybe","Hygrocybe russocoriacea","Hygrocybe russocoriacea","(Berk. & T.K.Mill.) P.D.Orton & Watling"
,"Astraeus hygrometricus","Astraeus hygrometricus (Pers.) Morgan","5239766","EXACT","99","ACCEPTED","SPECIES","Fungi","Basidiomycota","Agaricomycetes","Boletales","Diplocystidiaceae","Astraeus","Astraeus hygrometricus","Astraeus hygrometricus","(Pers.) Morgan"
,"Hygrophorus camarophyllus","Hygrophorus camarophyllus (Alb. & Schwein.) Dumée, Grandjean & Maire","2538720","EXACT","99","ACCEPTED","SPECIES","Fungi","Basidiomycota","Agaricomycetes","Agaricales","Hygrophoraceae","Hygrophorus","Hygrophorus camarophyllus","Hygrophorus camarophyllus","(Alb. & Schwein.) Dumée, Grandjean & Maire"
,"Hygrophorus chrysodon","Hygrophorus chrysodon (Batsch) Fr.","2538788","EXACT","99","ACCEPTED","SPECIES","Fungi","Basidiomycota","Agaricomycetes","Agaricales","Hygrophoraceae","Hygrophorus","Hygrophorus chrysodon","Hygrophorus chrysodon","(Batsch) Fr."
,"Hygrophorus eburneus","Hygrophorus eburneus (Bull.) Fr.","9053531","EXACT","99","ACCEPTED","SPECIES","Fungi","Basidiomycota","Agaricomycetes","Agaricales","Hygrophoraceae","Hygrophorus","Hygrophorus eburneus","Hygrophorus eburneus","(Bull.) Fr."
,"Hygrophorus lucorum","Hygrophorus lucorum Kalchbr.","2538774","EXACT","99","ACCEPTED","SPECIES","Fungi","Basidiomycota","Agaricomycetes","Agaricales","Hygrophoraceae","Hygrophorus","Hygrophorus lucorum","Hygrophorus lucorum","Kalchbr."
,"Aureoboletus gentilis","Aureoboletus gentilis (Quél.) Pouzar","2524374","EXACT","99","ACCEPTED","SPECIES","Fungi","Basidiomycota","Agaricomycetes","Boletales","Boletaceae","Aureoboletus","Aureoboletus gentilis","Aureoboletus gentilis","(Quél.) Pouzar"
,"Hygrophorus unicolor","Hygrophorus unicolor Gröger","2538795","EXACT","97","ACCEPTED","SPECIES","Fungi","Basidiomycota","Agaricomycetes","Agaricales","Hygrophoraceae","Hygrophorus","Hygrophorus unicolor","Hygrophorus unicolor","Gröger"
,"Lactarius acerrimus","Lactarius acerrimus Britzelm.","5248768","EXACT","99","ACCEPTED","SPECIES","Fungi","Basidiomycota","Agaricomycetes","Russulales","Russulaceae","Lactarius","Lactarius acerrimus","Lactarius acerrimus","Britzelm."
,"Lactarius aquizonatus","Lactarius aquizonatus Kytöv.","8297380","EXACT","99","ACCEPTED","SPECIES","Fungi","Basidiomycota","Agaricomycetes","Russulales","Russulaceae","Lactarius","Lactarius aquizonatus","Lactarius aquizonatus","Kytöv."
,"Lactarius aspideus","Lactarius aspideus (Fr.) Fr.","5248603","EXACT","99","ACCEPTED","SPECIES","Fungi","Basidiomycota","Agaricomycetes","Russulales","Russulaceae","Lactarius","Lactarius aspideus","Lactarius aspideus","(Fr.) Fr."
,"Lactarius azonites","Lactarius azonites (Bull.) Fr.","5248589","EXACT","99","ACCEPTED","SPECIES","Fungi","Basidiomycota","Agaricomycetes","Russulales","Russulaceae","Lactarius","Lactarius azonites","Lactarius azonites","(Bull.) Fr."
,"Lactarius bertillonii","Lactarius bertillonii (Neuhoff ex Z.Schaef.) Bon","5248781","EXACT","98","SYNONYM","SPECIES","Fungi","Basidiomycota","Agaricomycetes","Russulales","Russulaceae","Lactifluus","Lactifluus bertillonii","Lactarius bertillonii","(Neuhoff ex Z.Schaef.) Bon"
,"Lactarius decipiens","Lactarius decipiens Quél.","5248595","EXACT","99","ACCEPTED","SPECIES","Fungi","Basidiomycota","Agaricomycetes","Russulales","Russulaceae","Lactarius","Lactarius decipiens","Lactarius decipiens","Quél."
,"Lactarius evosmus","Lactarius evosmus Kühner & Romagn.","5248641","EXACT","99","ACCEPTED","SPECIES","Fungi","Basidiomycota","Agaricomycetes","Russulales","Russulaceae","Lactarius","Lactarius evosmus","Lactarius evosmus","Kühner & Romagn."
,"Lactarius fulvissimus","Lactarius fulvissimus Romagn.","5248784","EXACT","99","ACCEPTED","SPECIES","Fungi","Basidiomycota","Agaricomycetes","Russulales","Russulaceae","Lactarius","Lactarius fulvissimus","Lactarius fulvissimus","Romagn."
,"Lactarius glaucescens","Lactarius glaucescens Crossl.","5248590","EXACT","97","SYNONYM","SPECIES","Fungi","Basidiomycota","Agaricomycetes","Russulales","Russulaceae","Lactifluus","Lactifluus glaucescens","Lactarius glaucescens","Crossl."
,"Lactarius hysginus","Lactarius hysginus (Fr.) Fr.","9030395","EXACT","99","ACCEPTED","SPECIES","Fungi","Basidiomycota","Agaricomycetes","Russulales","Russulaceae","Lactarius","Lactarius hysginus","Lactarius hysginus","(Fr.) Fr."
,"Boletinus cavipes","Boletinus cavipes (Klotzsch) Kalchbr.","8618980","EXACT","98","SYNONYM","SPECIES","Fungi","Basidiomycota","Agaricomycetes","Boletales","Suillaceae","Suillus","Suillus cavipes","Boletinus cavipes","(Klotzsch) Kalchbr."
,"Lactarius lilacinus","Lactarius lilacinus Fr.","5248719","EXACT","99","ACCEPTED","SPECIES","Fungi","Basidiomycota","Agaricomycetes","Russulales","Russulaceae","Lactarius","Lactarius lilacinus","Lactarius lilacinus","Fr."
,"Lactarius mammosus","Lactarius mammosus Fr.","5248764","EXACT","99","ACCEPTED","SPECIES","Fungi","Basidiomycota","Agaricomycetes","Russulales","Russulaceae","Lactarius","Lactarius mammosus","Lactarius mammosus","Fr."
,"Lactarius piperatus","Lactarius piperatus (L.) Pers.","5248810","EXACT","97","ACCEPTED","SPECIES","Fungi","Basidiomycota","Agaricomycetes","Russulales","Russulaceae","Lactarius","Lactarius piperatus","Lactarius piperatus","(L.) Pers."
,"Lactarius pterosporus","Lactarius pterosporus Romagn.","5248640","EXACT","99","ACCEPTED","SPECIES","Fungi","Basidiomycota","Agaricomycetes","Russulales","Russulaceae","Lactarius","Lactarius pterosporus","Lactarius pterosporus","Romagn."
,"Boletus aereus","Boletus aereus Bull.","8733688","EXACT","98","ACCEPTED","SPECIES","Fungi","Basidiomycota","Agaricomycetes","Boletales","Boletaceae","Boletus","Boletus aereus","Boletus aereus","Bull."
,"Lactarius quieticolor","Lactarius quieticolor Romagn.","5248728","EXACT","99","ACCEPTED","SPECIES","Fungi","Basidiomycota","Agaricomycetes","Russulales","Russulaceae","Lactarius","Lactarius quieticolor","Lactarius quieticolor","Romagn."
,"Lactarius rubrocinctus","Lactarius rubrocinctus Fr.","5248604","EXACT","99","ACCEPTED","SPECIES","Fungi","Basidiomycota","Agaricomycetes","Russulales","Russulaceae","Lactarius","Lactarius rubrocinctus","Lactarius rubrocinctus","Fr."
,"Lactarius ruginosus","Lactarius ruginosus Romagn.","5248709","EXACT","99","ACCEPTED","SPECIES","Fungi","Basidiomycota","Agaricomycetes","Russulales","Russulaceae","Lactarius","Lactarius ruginosus","Lactarius ruginosus","Romagn."
,"Boletus appendiculatus","Boletus appendiculatus Schaeff.","5954941","EXACT","97","SYNONYM","SPECIES","Fungi","Basidiomycota","Agaricomycetes","Boletales","Boletaceae","Butyriboletus","Butyriboletus appendiculatus","Boletus appendiculatus","Schaeff."
,"Lactarius trivialis","Lactarius trivialis (Fr.) Fr.","5248801","EXACT","99","ACCEPTED","SPECIES","Fungi","Basidiomycota","Agaricomycetes","Russulales","Russulaceae","Lactarius","Lactarius trivialis","Lactarius trivialis","(Fr.) Fr."
,"Lactarius utilis","Lactarius utilis (Weinm.) Fr.","5462809","EXACT","99","ACCEPTED","SPECIES","Fungi","Basidiomycota","Agaricomycetes","Russulales","Russulaceae","Lactarius","Lactarius utilis","Lactarius utilis","(Weinm.) Fr."
,"Lactarius uvidus","Lactarius uvidus (Fr.) Fr.","5248638","EXACT","99","ACCEPTED","SPECIES","Fungi","Basidiomycota","Agaricomycetes","Russulales","Russulaceae","Lactarius","Lactarius uvidus","Lactarius uvidus","(Fr.) Fr."
,"Leccinum carpini","Leccinum carpini (R.Schulz) M.M.Moser ex D.A.Reid","2524567","EXACT","97","SYNONYM","SPECIES","Fungi","Basidiomycota","Agaricomycetes","Boletales","Boletaceae","Leccinellum","Leccinellum pseudoscabrum","Leccinum carpini","(R.Schulz) M.M.Moser ex D.A.Reid"
,"Leccinum crocipodium","Leccinum crocipodium (Letell.) Watling","2524600","EXACT","98","SYNONYM","SPECIES","Fungi","Basidiomycota","Agaricomycetes","Boletales","Boletaceae","Leccinellum","Leccinellum crocipodium","Leccinum crocipodium","(Letell.) Watling"
,"Leccinum duriusculum","Leccinum duriusculum (Schulzer ex Kalchbr.) Singer","8562027","EXACT","99","ACCEPTED","SPECIES","Fungi","Basidiomycota","Agaricomycetes","Boletales","Boletaceae","Leccinum","Leccinum duriusculum","Leccinum duriusculum","(Schulzer ex Kalchbr.) Singer"
,"Leccinum versipelle","Leccinum versipelle (Fr. & Hök) Snell","2524490","EXACT","99","ACCEPTED","SPECIES","Fungi","Basidiomycota","Agaricomycetes","Boletales","Boletaceae","Leccinum","Leccinum versipelle","Leccinum versipelle","(Fr. & Hök) Snell"
,"Boletus calopus","Boletus calopus Pers.","5954916","EXACT","97","SYNONYM","SPECIES","Fungi","Basidiomycota","Agaricomycetes","Boletales","Boletaceae","Caloboletus","Caloboletus calopus","Boletus calopus","Pers."
,"Lentinus conchatus","Lentinus conchatus (Bull.) J.Schröt.","2547267","EXACT","97","SYNONYM","SPECIES","Fungi","Basidiomycota","Agaricomycetes","Polyporales","Polyporaceae","Panus","Panus conchatus","Lentinus conchatus","(Bull.) J.Schröt."
,"Lentinus cyathiformis","Lentinus cyathiformis (Schaeff.) Bres.","2545389","EXACT","98","SYNONYM","SPECIES","Fungi","Basidiomycota","Agaricomycetes","Polyporales","Polyporaceae","Neolentinus","Neolentinus cyathiformis","Lentinus cyathiformis","(Schaeff.) Bres."
,"Lentinus lepideus","Lentinus lepideus (Fr.) Fr.","2548859","EXACT","98","SYNONYM","SPECIES","Fungi","Basidiomycota","Agaricomycetes","Polyporales","Polyporaceae","Neolentinus","Neolentinus lepideus","Lentinus lepideus","(Fr.) Fr."
,"Lycoperdon umbrinum","Lycoperdon umbrinum Pers.","5243243","EXACT","99","ACCEPTED","SPECIES","Fungi","Basidiomycota","Agaricomycetes","Agaricales","Agaricaceae","Lycoperdon","Lycoperdon umbrinum","Lycoperdon umbrinum","Pers."
,"Marasmiellus perforans","Marasmiellus perforans (Hoffm.) Antonín, Halling & Noordel.","2537612","EXACT","97","SYNONYM","SPECIES","Fungi","Basidiomycota","Agaricomycetes","Agaricales","Omphalotaceae","Gymnopus","Gymnopus perforans","Marasmiellus perforans","(Hoffm.) Antonín, Halling & Noordel."
,"Boletus depilatus","Boletus depilatus Redeuilh","7240557","EXACT","97","SYNONYM","SPECIES","Fungi","Basidiomycota","Agaricomycetes","Boletales","Boletaceae","Hemileccinum","Hemileccinum depilatum","Boletus depilatus","Redeuilh"
,"Marasmiellus rosellus","Marasmiellus rosellus (M.M.Moser) Kuyper & Noordel.","2523645","EXACT","98","SYNONYM","SPECIES","Fungi","Basidiomycota","Agaricomycetes","Hymenochaetales","Rickenellaceae","Contumyces","Contumyces rosellus","Marasmiellus rosellus","(M.M.Moser) Kuyper & Noordel."
,"Marasmius alliaceus","Marasmius alliaceus (Jacq.) Fr.","8927016","EXACT","98","SYNONYM","SPECIES","Fungi","Basidiomycota","Agaricomycetes","Agaricales","Omphalotaceae","Mycetinis","Mycetinis alliaceus","Marasmius alliaceus","(Jacq.) Fr."
,"Marasmius collinus","Marasmius collinus (Scop.) Singer","9137624","EXACT","97","ACCEPTED","SPECIES","Fungi","Basidiomycota","Agaricomycetes","Agaricales","Marasmiaceae","Marasmius","Marasmius collinus","Marasmius collinus","(Scop.) Singer"
,"Marasmius menieri","Marasmius menieri Boud.","2538027","EXACT","98","SYNONYM","SPECIES","Fungi","Basidiomycota","Agaricomycetes","Agaricales","Physalacriaceae","Gloiocephala","Gloiocephala menieri","Marasmius menieri","Boud."
,"Marasmius querceus","Marasmius querceus Britzelm.","6095833","EXACT","98","SYNONYM","SPECIES","Fungi","Basidiomycota","Agaricomycetes","Agaricales","Omphalotaceae","Mycetinis","Mycetinis querceus","Marasmius querceus","Britzelm."
,"Marasmius scorodonius","Marasmius scorodonius (Fr.) Fr.","9123018","EXACT","98","SYNONYM","SPECIES","Fungi","Basidiomycota","Agaricomycetes","Agaricales","Omphalotaceae","Mycetinis","Mycetinis scorodonius","Marasmius scorodonius","(Fr.) Fr."
,"Microglossum viride","Microglossum viride (Pers.) Gillet","3558444","EXACT","99","ACCEPTED","SPECIES","Fungi","Ascomycota","Leotiomycetes","Leotiales","Leotiaceae","Microglossum","Microglossum viride","Microglossum viride","(Pers.) Gillet"
,"Mitrula paludosa","Mitrula paludosa Fr.","5256775","EXACT","99","ACCEPTED","SPECIES","Fungi","Ascomycota","Leotiomycetes","Helotiales","Hemiphacidiaceae","Mitrula","Mitrula paludosa","Mitrula paludosa","Fr."
,"Morchella esculenta","Morchella esculenta (L.) Pers.","2594602","EXACT","99","ACCEPTED","SPECIES","Fungi","Ascomycota","Pezizomycetes","Pezizales","Morchellaceae","Morchella","Morchella esculenta","Morchella esculenta","(L.) Pers."
,"Morchella semilibera","Morchella semilibera DC.","2594649","EXACT","99","ACCEPTED","SPECIES","Fungi","Ascomycota","Pezizomycetes","Pezizales","Morchellaceae","Morchella","Morchella semilibera","Morchella semilibera","DC."
,"Boletus fechtneri","Boletus fechtneri Velen.","5954883","EXACT","97","SYNONYM","SPECIES","Fungi","Basidiomycota","Agaricomycetes","Boletales","Boletaceae","Butyriboletus","Butyriboletus fechtneri","Boletus fechtneri","Velen."
,"Otidea cochleata","Otidea cochleata (L.) Fuckel","8532373","EXACT","99","ACCEPTED","SPECIES","Fungi","Ascomycota","Pezizomycetes","Pezizales","Pyronemataceae","Otidea","Otidea cochleata","Otidea cochleata","(L.) Fuckel"
,"Otidea leporina","Otidea leporina (Batsch) Fuckel","2593806","EXACT","99","ACCEPTED","SPECIES","Fungi","Ascomycota","Pezizomycetes","Pezizales","Pyronemataceae","Otidea","Otidea leporina","Otidea leporina","(Batsch) Fuckel"
,"Otidea onotica","Otidea onotica (Pers.) Fuckel","9128195","EXACT","99","ACCEPTED","SPECIES","Fungi","Ascomycota","Pezizomycetes","Pezizales","Pyronemataceae","Otidea","Otidea onotica","Otidea onotica","(Pers.) Fuckel"
,"Paxillus atrotomentosus","Paxillus atrotomentosus (Batsch) Fr.","5244305","EXACT","98","SYNONYM","SPECIES","Fungi","Basidiomycota","Agaricomycetes","Boletales","Tapinellaceae","Tapinella","Tapinella atrotomentosa","Paxillus atrotomentosus","(Batsch) Fr."
,"Phellodon confluens","Phellodon confluens (Pers.) Pouzar","2522158","EXACT","99","ACCEPTED","SPECIES","Fungi","Basidiomycota","Agaricomycetes","Thelephorales","Bankeraceae","Phellodon","Phellodon confluens","Phellodon confluens","(Pers.) Pouzar"
,"Phellodon melaleucus","Phellodon melaleucus","8617372","EXACT","98","ACCEPTED","SPECIES","Fungi","Basidiomycota","Agaricomycetes","Thelephorales","Bankeraceae","Phellodon","Phellodon melaleucus","Phellodon melaleucus",
,"Phellodon niger","Phellodon niger (Fr.) P.Karst.","2522192","EXACT","99","ACCEPTED","SPECIES","Fungi","Basidiomycota","Agaricomycetes","Thelephorales","Bankeraceae","Phellodon","Phellodon niger","Phellodon niger","(Fr.) P.Karst."
,"Phylloporus pelletieri","Phylloporus pelletieri (Lév.) Quél.","2524468","EXACT","99","ACCEPTED","SPECIES","Fungi","Basidiomycota","Agaricomycetes","Boletales","Boletaceae","Phylloporus","Phylloporus pelletieri","Phylloporus pelletieri","(Lév.) Quél."
,"Pisolithus arhizus","Pisolithus arhizus (Scop.) Rauschert","2525455","EXACT","99","ACCEPTED","SPECIES","Fungi","Basidiomycota","Agaricomycetes","Boletales","Sclerodermataceae","Pisolithus","Pisolithus arhizus","Pisolithus arhizus","(Scop.) Rauschert"
,"Pleurotus dryinus","Pleurotus dryinus (Pers.) P.Kumm.","2526564","EXACT","99","ACCEPTED","SPECIES","Fungi","Basidiomycota","Agaricomycetes","Agaricales","Pleurotaceae","Pleurotus","Pleurotus dryinus","Pleurotus dryinus","(Pers.) P.Kumm."
,"Poronia punctata","Poronia punctata (L.) Fr.","8530425","EXACT","99","ACCEPTED","SPECIES","Fungi","Ascomycota","Sordariomycetes","Xylariales","Xylariaceae","Poronia","Poronia punctata","Poronia punctata","(L.) Fr."
,"Boletus impolitus","Boletus impolitus Fr.","5954881","EXACT","97","SYNONYM","SPECIES","Fungi","Basidiomycota","Agaricomycetes","Boletales","Boletaceae","Hemileccinum","Hemileccinum impolitum","Boletus impolitus","Fr."
,"Pseudocraterellus undulatus","Pseudocraterellus undulatus (Pers.) Rauschert","2554613","EXACT","99","ACCEPTED","SPECIES","Fungi","Basidiomycota","Agaricomycetes","Cantharellales","Cantharellaceae","Pseudocraterellus","Pseudocraterellus undulatus","Pseudocraterellus undulatus","(Pers.) Rauschert"
,"Rhizina undulata","Rhizina undulata Fr.","2593192","EXACT","99","ACCEPTED","SPECIES","Fungi","Ascomycota","Pezizomycetes","Pezizales","Rhizinaceae","Rhizina","Rhizina undulata","Rhizina undulata","Fr."
,"Russula adusta","Russula adusta (Pers.) Fr.","9223923","EXACT","99","ACCEPTED","SPECIES","Fungi","Basidiomycota","Agaricomycetes","Russulales","Russulaceae","Russula","Russula adusta","Russula adusta","(Pers.) Fr."
,"Russula albonigra","Russula albonigra (Krombh.) Fr.","2551443","EXACT","99","ACCEPTED","SPECIES","Fungi","Basidiomycota","Agaricomycetes","Russulales","Russulaceae","Russula","Russula albonigra","Russula albonigra","(Krombh.) Fr."
,"Russula amethystina","Russula amethystina Quél.","2551549","EXACT","99","ACCEPTED","SPECIES","Fungi","Basidiomycota","Agaricomycetes","Russulales","Russulaceae","Russula","Russula amethystina","Russula amethystina","Quél."
,"Russula aurata","Russula aurata Fr.","2551389","EXACT","98","SYNONYM","SPECIES","Fungi","Basidiomycota","Agaricomycetes","Russulales","Russulaceae","Russula","Russula aurea","Russula aurata","Fr."
,"Russula azurea","Russula azurea Bres.","2551480","EXACT","99","ACCEPTED","SPECIES","Fungi","Basidiomycota","Agaricomycetes","Russulales","Russulaceae","Russula","Russula azurea","Russula azurea","Bres."
,"Russula badia","Russula badia Quél.","2551171","EXACT","99","ACCEPTED","SPECIES","Fungi","Basidiomycota","Agaricomycetes","Russulales","Russulaceae","Russula","Russula badia","Russula badia","Quél."
,"Boletus luridus","Boletus luridus Schaeff.","7988694","EXACT","97","SYNONYM","SPECIES","Fungi","Basidiomycota","Agaricomycetes","Boletales","Boletaceae","Suillellus","Suillellus luridus","Boletus luridus","Schaeff."
,"Russula carpini","Russula carpini R.Girard & Heinem.","2551403","EXACT","99","ACCEPTED","SPECIES","Fungi","Basidiomycota","Agaricomycetes","Russulales","Russulaceae","Russula","Russula carpini","Russula carpini","R.Girard & Heinem."
,"Russula cessans","Russula cessans A.Pearson","2551378","EXACT","99","ACCEPTED","SPECIES","Fungi","Basidiomycota","Agaricomycetes","Russulales","Russulaceae","Russula","Russula cessans","Russula cessans","A.Pearson"
,"Russula cuprea","Russula cuprea Krombh.","9430144","EXACT","97","ACCEPTED","SPECIES","Fungi","Basidiomycota","Agaricomycetes","Russulales","Russulaceae","Russula","Russula cuprea","Russula cuprea","Krombh."
,"Russula curtipes","Russula curtipes F.H.Møller & Jul.Schäff.","8193926","EXACT","99","ACCEPTED","SPECIES","Fungi","Basidiomycota","Agaricomycetes","Russulales","Russulaceae","Russula","Russula curtipes","Russula curtipes","F.H.Møller & Jul.Schäff."
,"Russula cutefracta","Russula cutefracta Cooke","2551545","EXACT","98","SYNONYM","SPECIES","Fungi","Basidiomycota","Agaricomycetes","Russulales","Russulaceae","Russula","Russula cyanoxantha","Russula cutefracta","Cooke"
,"Russula decipiens","Russula decipiens (Singer) Bon","7955474","EXACT","97","ACCEPTED","SPECIES","Fungi","Basidiomycota","Agaricomycetes","Russulales","Russulaceae","Russula","Russula decipiens","Russula decipiens","(Singer) Bon"
,"Russula decolorans","Russula decolorans (Fr.) Fr.","2551479","EXACT","99","ACCEPTED","SPECIES","Fungi","Basidiomycota","Agaricomycetes","Russulales","Russulaceae","Russula","Russula decolorans","Russula decolorans","(Fr.) Fr."
,"Boletus pinophilus","Boletus pinophilus Pilát & Dermek","5954949","EXACT","99","ACCEPTED","SPECIES","Fungi","Basidiomycota","Agaricomycetes","Boletales","Boletaceae","Boletus","Boletus pinophilus","Boletus pinophilus","Pilát & Dermek"
,"Russula emetica","Russula emetica (Schaeff.) Pers.","2551213","EXACT","97","ACCEPTED","SPECIES","Fungi","Basidiomycota","Agaricomycetes","Russulales","Russulaceae","Russula","Russula emetica","Russula emetica","(Schaeff.) Pers."
,"Russula emeticicolor","Russula emeticicolor Jul.Schäff.","7469932","EXACT","98","ACCEPTED","SPECIES","Fungi","Basidiomycota","Agaricomycetes","Russulales","Russulaceae","Russula","Russula emeticicolor","Russula emeticicolor","Jul.Schäff."
,"Russula flavoviridis","Russula flavoviridis Romagn.","3359047","EXACT","98","SYNONYM","SPECIES","Fungi","Basidiomycota","Agaricomycetes","Russulales","Russulaceae","Russula","Russula cyanoxantha","Russula flavoviridis","Romagn."
,"Russula laeta","Russula laeta Jul.Schäff.","8359423","EXACT","99","ACCEPTED","SPECIES","Fungi","Basidiomycota","Agaricomycetes","Russulales","Russulaceae","Russula","Russula laeta","Russula laeta","Jul.Schäff."
,"Russula laurocerasi","Russula laurocerasi Melzer","2551410","EXACT","98","SYNONYM","SPECIES","Fungi","Basidiomycota","Agaricomycetes","Russulales","Russulaceae","Russula","Russula grata","Russula laurocerasi","Melzer"
,"Russula lepidicolor","Russula lepidicolor Romagn.","2551216","EXACT","99","ACCEPTED","SPECIES","Fungi","Basidiomycota","Agaricomycetes","Russulales","Russulaceae","Russula","Russula lepidicolor","Russula lepidicolor","Romagn."
,"Russula lilacea","Russula lilacea Quél.","2551379","EXACT","99","ACCEPTED","SPECIES","Fungi","Basidiomycota","Agaricomycetes","Russulales","Russulaceae","Russula","Russula lilacea","Russula lilacea","Quél."
,"Russula luteotacta","Russula luteotacta Rea","2551304","EXACT","99","ACCEPTED","SPECIES","Fungi","Basidiomycota","Agaricomycetes","Russulales","Russulaceae","Russula","Russula luteotacta","Russula luteotacta","Rea"
,"Russula maculata","Russula maculata Quél.","2551519","EXACT","99","ACCEPTED","SPECIES","Fungi","Basidiomycota","Agaricomycetes","Russulales","Russulaceae","Russula","Russula maculata","Russula maculata","Quél."
,"Russula melliolens","Russula melliolens Quél.","2551521","EXACT","99","ACCEPTED","SPECIES","Fungi","Basidiomycota","Agaricomycetes","Russulales","Russulaceae","Russula","Russula melliolens","Russula melliolens","Quél."
,"Russula minutula","Russula minutula Velen.","2551176","EXACT","99","ACCEPTED","SPECIES","Fungi","Basidiomycota","Agaricomycetes","Russulales","Russulaceae","Russula","Russula minutula","Russula minutula","Velen."
,"Russula odorata","Russula odorata Romagn.","2551170","EXACT","99","ACCEPTED","SPECIES","Fungi","Basidiomycota","Agaricomycetes","Russulales","Russulaceae","Russula","Russula odorata","Russula odorata","Romagn."
,"Russula paludosa","Russula paludosa Britzelm.","2551201","EXACT","99","ACCEPTED","SPECIES","Fungi","Basidiomycota","Agaricomycetes","Russulales","Russulaceae","Russula","Russula paludosa","Russula paludosa","Britzelm."
,"Boletus queletii","Boletus queletii Schulzer","5954937","EXACT","98","SYNONYM","SPECIES","Fungi","Basidiomycota","Agaricomycetes","Boletales","Boletaceae","Suillellus","Suillellus queletii","Boletus queletii","Schulzer"
,"Russula pectinata","Russula pectinata Fr.","2551285","EXACT","98","ACCEPTED","SPECIES","Fungi","Basidiomycota","Agaricomycetes","Russulales","Russulaceae","Russula","Russula pectinata","Russula pectinata","Fr."
,"Russula pseudointegra","Russula pseudointegra Arnould & Goris","2551551","EXACT","98","ACCEPTED","SPECIES","Fungi","Basidiomycota","Agaricomycetes","Russulales","Russulaceae","Russula","Russula pseudointegra","Russula pseudointegra","Arnould & Goris"
,"Russula pseudoromellii","Russula pseudoromellii J.Blum ex Bon","7921223","EXACT","98","ACCEPTED","SPECIES","Fungi","Basidiomycota","Agaricomycetes","Russulales","Russulaceae","Russula","Russula pseudoromellii","Russula pseudoromellii","J.Blum ex Bon"
,"Russula puellula","Russula puellula Ebbesen, F.H.Møller & Jul.Schäff.","2551215","EXACT","99","ACCEPTED","SPECIES","Fungi","Basidiomycota","Agaricomycetes","Russulales","Russulaceae","Russula","Russula puellula","Russula puellula","Ebbesen, F.H.Møller & Jul.Schäff."
,"Russula queletii","Russula queletii Fr.","2551558","EXACT","99","ACCEPTED","SPECIES","Fungi","Basidiomycota","Agaricomycetes","Russulales","Russulaceae","Russula","Russula queletii","Russula queletii","Fr."
,"Russula raoultii","Russula raoultii Quél.","2551464","EXACT","99","ACCEPTED","SPECIES","Fungi","Basidiomycota","Agaricomycetes","Russulales","Russulaceae","Russula","Russula raoultii","Russula raoultii","Quél."
,"Russula rhodella","Russula rhodella E.-J.Gilbert","2551596","EXACT","99","ACCEPTED","SPECIES","Fungi","Basidiomycota","Agaricomycetes","Russulales","Russulaceae","Russula","Russula rhodella","Russula rhodella","E.-J.Gilbert"
,"Russula romellii","Russula romellii Maire","2551577","EXACT","99","ACCEPTED","SPECIES","Fungi","Basidiomycota","Agaricomycetes","Russulales","Russulaceae","Russula","Russula romellii","Russula romellii","Maire"
,"Russula roseicolor","Russula roseicolor J.Blum","2551321","EXACT","99","ACCEPTED","SPECIES","Fungi","Basidiomycota","Agaricomycetes","Russulales","Russulaceae","Russula","Russula roseicolor","Russula roseicolor","J.Blum"
,"Boletus reticulatus","Boletus reticulatus Schaeff.","5954691","EXACT","97","ACCEPTED","SPECIES","Fungi","Basidiomycota","Agaricomycetes","Boletales","Boletaceae","Boletus","Boletus reticulatus","Boletus reticulatus","Schaeff."
,"Russula solaris","Russula solaris Ferd. & Winge","2551329","EXACT","99","ACCEPTED","SPECIES","Fungi","Basidiomycota","Agaricomycetes","Russulales","Russulaceae","Russula","Russula solaris","Russula solaris","Ferd. & Winge"
,"Russula sororia s.s.","Russula sororia (Fr.) Romell","7531434","EXACT","97","ACCEPTED","SPECIES","Fungi","Basidiomycota","Agaricomycetes","Russulales","Russulaceae","Russula","Russula sororia","Russula sororia","(Fr.) Romell"
,"Russula sphagnophila","Russula sphagnophila Kauffman","2551271","EXACT","99","ACCEPTED","SPECIES","Fungi","Basidiomycota","Agaricomycetes","Russulales","Russulaceae","Russula","Russula sphagnophila","Russula sphagnophila","Kauffman"
,"Russula stenotricha","Russula stenotricha Romagn.","2551186","EXACT","99","ACCEPTED","SPECIES","Fungi","Basidiomycota","Agaricomycetes","Russulales","Russulaceae","Russula","Russula stenotricha","Russula stenotricha","Romagn."
,"Russula subcristulata","Russula subcristulata Romagn.","3360598","EXACT","99","ACCEPTED","SPECIES","Fungi","Basidiomycota","Agaricomycetes","Russulales","Russulaceae","Russula","Russula subcristulata","Russula subcristulata","Romagn."
,"Russula subfoetens","Russula subfoetens W.G.Sm.","8391773","EXACT","99","ACCEPTED","SPECIES","Fungi","Basidiomycota","Agaricomycetes","Russulales","Russulaceae","Russula","Russula subfoetens","Russula subfoetens","W.G.Sm."
,"Russula sublevispora","Russula sublevispora (Romagn.) Kühner & Romagn.","3359741","EXACT","99","ACCEPTED","SPECIES","Fungi","Basidiomycota","Agaricomycetes","Russulales","Russulaceae","Russula","Russula sublevispora","Russula sublevispora","(Romagn.) Kühner & Romagn."
,"Russula subterfurcata","Russula subterfurcata Romagn.","2551313","EXACT","99","ACCEPTED","SPECIES","Fungi","Basidiomycota","Agaricomycetes","Russulales","Russulaceae","Russula","Russula subterfurcata","Russula subterfurcata","Romagn."
,"Russula turci","Russula turci Bres.","2551485","EXACT","98","ACCEPTED","SPECIES","Fungi","Basidiomycota","Agaricomycetes","Russulales","Russulaceae","Russula","Russula turci","Russula turci","Bres."
,"Russula versatilis","Russula versatilis Romagn.","2551284","EXACT","99","ACCEPTED","SPECIES","Fungi","Basidiomycota","Agaricomycetes","Russulales","Russulaceae","Russula","Russula versatilis","Russula versatilis","Romagn."
,"Russula veternosa","Russula veternosa Fr.","2551553","EXACT","99","ACCEPTED","SPECIES","Fungi","Basidiomycota","Agaricomycetes","Russulales","Russulaceae","Russula","Russula veternosa","Russula veternosa","Fr."
,"Russula vinosopurpurea","Russula vinosopurpurea Jul.Schäff.","2551440","EXACT","99","ACCEPTED","SPECIES","Fungi","Basidiomycota","Agaricomycetes","Russulales","Russulaceae","Russula","Russula vinosopurpurea","Russula vinosopurpurea","Jul.Schäff."
,"Russula violacea","Russula violacea Quél.","2551442","EXACT","98","ACCEPTED","SPECIES","Fungi","Basidiomycota","Agaricomycetes","Russulales","Russulaceae","Russula","Russula violacea","Russula violacea","Quél."
,"Boletus satanas","Boletus satanas Lenz","5954954","EXACT","97","SYNONYM","SPECIES","Fungi","Basidiomycota","Agaricomycetes","Boletales","Boletaceae","Rubroboletus","Rubroboletus satanas","Boletus satanas","Lenz"
,"Sarcodon fuligineoviolaceus","Sarcodon fuligineoviolaceus (Kalchbr.) Pat.","9577567","EXACT","99","ACCEPTED","SPECIES","Fungi","Basidiomycota","Agaricomycetes","Thelephorales","Bankeraceae","Sarcodon","Sarcodon fuligineoviolaceus","Sarcodon fuligineoviolaceus","(Kalchbr.) Pat."
,"Sarcodon imbricatus","Sarcodon imbricatus (L.) P.Karst.","5238865","EXACT","99","ACCEPTED","SPECIES","Fungi","Basidiomycota","Agaricomycetes","Thelephorales","Bankeraceae","Sarcodon","Sarcodon imbricatus","Sarcodon imbricatus","(L.) P.Karst."
,"Sarcodon joeides","Sarcodon joeides (Pass.) Bataille","5238892","EXACT","99","ACCEPTED","SPECIES","Fungi","Basidiomycota","Agaricomycetes","Thelephorales","Bankeraceae","Sarcodon","Sarcodon joeides","Sarcodon joeides","(Pass.) Bataille"
,"Sarcodon lepidus","Sarcodon lepidus Maas Geest.","5238848","EXACT","99","ACCEPTED","SPECIES","Fungi","Basidiomycota","Agaricomycetes","Thelephorales","Bankeraceae","Sarcodon","Sarcodon lepidus","Sarcodon lepidus","Maas Geest."
,"Boletus speciosus","Boletus speciosus Frost","5954908","EXACT","98","ACCEPTED","SPECIES","Fungi","Basidiomycota","Agaricomycetes","Boletales","Boletaceae","Boletus","Boletus speciosus","Boletus speciosus","Frost"
,"Sarcodon scabrosus","Sarcodon scabrosus (Fr.) P.Karst.","5238871","EXACT","99","ACCEPTED","SPECIES","Fungi","Basidiomycota","Agaricomycetes","Thelephorales","Bankeraceae","Sarcodon","Sarcodon scabrosus","Sarcodon scabrosus","(Fr.) P.Karst."
,"Sarcoscypha austriaca","Sarcoscypha austriaca (Beck ex Sacc.) Boud.","8689016","EXACT","99","ACCEPTED","SPECIES","Fungi","Ascomycota","Pezizomycetes","Pezizales","Sarcoscyphaceae","Sarcoscypha","Sarcoscypha austriaca","Sarcoscypha austriaca","(Beck ex Sacc.) Boud."
,"Sarcoscypha coccinea","Sarcoscypha coccinea (Gray) Boud.","7444343","EXACT","97","ACCEPTED","SPECIES","Fungi","Ascomycota","Pezizomycetes","Pezizales","Sarcoscyphaceae","Sarcoscypha","Sarcoscypha coccinea","Sarcoscypha coccinea","(Gray) Boud."
,"Amanita franchetii","Amanita franchetii (Boud.) Fayod","5240284","EXACT","99","ACCEPTED","SPECIES","Fungi","Basidiomycota","Agaricomycetes","Agaricales","Amanitaceae","Amanita","Amanita franchetii","Amanita franchetii","(Boud.) Fayod"
,"Strobilomyces strobilaceus","Strobilomyces strobilaceus (Scop.) Berk.","9225326","EXACT","99","ACCEPTED","SPECIES","Fungi","Basidiomycota","Agaricomycetes","Boletales","Boletaceae","Strobilomyces","Strobilomyces strobilaceus","Strobilomyces strobilaceus","(Scop.) Berk."
,"Suillus flavidus","Suillus flavidus (Fr.) J.Presl","5239900","EXACT","97","ACCEPTED","SPECIES","Fungi","Basidiomycota","Agaricomycetes","Boletales","Suillaceae","Suillus","Suillus flavidus","Suillus flavidus","(Fr.) J.Presl"
,"Suillus granulatus","Suillus granulatus (L.) Roussel","8146046","EXACT","97","ACCEPTED","SPECIES","Fungi","Basidiomycota","Agaricomycetes","Boletales","Suillaceae","Suillus","Suillus granulatus","Suillus granulatus","(L.) Roussel"
,"Bovista aestivalis","Bovista aestivalis (Bonord.) Demoulin","2535220","EXACT","99","ACCEPTED","SPECIES","Fungi","Basidiomycota","Agaricomycetes","Agaricales","Agaricaceae","Bovista","Bovista aestivalis","Bovista aestivalis","(Bonord.) Demoulin"
,"Suillus laricinus","Suillus laricinus (Berk.) Kuntze","5239879","EXACT","98","SYNONYM","SPECIES","Fungi","Basidiomycota","Agaricomycetes","Boletales","Suillaceae","Suillus","Suillus viscidus","Suillus laricinus","(Berk.) Kuntze"
,"Suillus placidus","Suillus placidus (Bonord.) Singer","5239925","EXACT","99","ACCEPTED","SPECIES","Fungi","Basidiomycota","Agaricomycetes","Boletales","Suillaceae","Suillus","Suillus placidus","Suillus placidus","(Bonord.) Singer"
,"Suillus variegatus","Suillus variegatus (Sw.) Richon & Roze","9043861","EXACT","97","ACCEPTED","SPECIES","Fungi","Basidiomycota","Agaricomycetes","Boletales","Suillaceae","Suillus","Suillus variegatus","Suillus variegatus","(Sw.) Richon & Roze"
,"Trichoglossum hirsutum","Trichoglossum hirsutum (Pers.) Boud.","3484604","EXACT","99","ACCEPTED","SPECIES","Fungi","Ascomycota","Geoglossomycetes","Geoglossales","Geoglossaceae","Trichoglossum","Trichoglossum hirsutum","Trichoglossum hirsutum","(Pers.) Boud."
,"Tricholoma acerbum","Tricholoma acerbum (Bull.) Quél.","8038039","EXACT","98","ACCEPTED","SPECIES","Fungi","Basidiomycota","Agaricomycetes","Agaricales","Tricholomataceae","Tricholoma","Tricholoma acerbum","Tricholoma acerbum","(Bull.) Quél."
,"Tricholoma albobrunneum","Tricholoma albobrunneum (Pers.) P.Kumm.","5241725","EXACT","99","ACCEPTED","SPECIES","Fungi","Basidiomycota","Agaricomycetes","Agaricales","Tricholomataceae","Tricholoma","Tricholoma albobrunneum","Tricholoma albobrunneum","(Pers.) P.Kumm."
,"Tricholoma album","Tricholoma album (Schaeff.) P.Kumm.","5241749","EXACT","99","ACCEPTED","SPECIES","Fungi","Basidiomycota","Agaricomycetes","Agaricales","Tricholomataceae","Tricholoma","Tricholoma album","Tricholoma album","(Schaeff.) P.Kumm."
,"Bovista graveolens","Bovista graveolens Schwalb","3333296","EXACT","99","ACCEPTED","SPECIES","Fungi","Basidiomycota","Agaricomycetes","Agaricales","Agaricaceae","Bovista","Bovista graveolens","Bovista graveolens","Schwalb"
,"Tricholoma atrosquamosum","Tricholoma atrosquamosum Sacc.","7242238","EXACT","99","ACCEPTED","SPECIES","Fungi","Basidiomycota","Agaricomycetes","Agaricales","Tricholomataceae","Tricholoma","Tricholoma atrosquamosum","Tricholoma atrosquamosum","Sacc."
,"Tricholoma columbetta","Tricholoma columbetta (Fr.) P.Kumm.","5241760","EXACT","97","ACCEPTED","SPECIES","Fungi","Basidiomycota","Agaricomycetes","Agaricales","Tricholomataceae","Tricholoma","Tricholoma columbetta","Tricholoma columbetta","(Fr.) P.Kumm."
,"Tricholoma equestre","Tricholoma equestre (L.) P.Kumm.","3324883","EXACT","99","ACCEPTED","SPECIES","Fungi","Basidiomycota","Agaricomycetes","Agaricales","Tricholomataceae","Tricholoma","Tricholoma equestre","Tricholoma equestre","(L.) P.Kumm."
,"Tricholoma imbricatum","Tricholoma imbricatum (Fr.) P.Kumm.","5241858","EXACT","99","ACCEPTED","SPECIES","Fungi","Basidiomycota","Agaricomycetes","Agaricales","Tricholomataceae","Tricholoma","Tricholoma imbricatum","Tricholoma imbricatum","(Fr.) P.Kumm."
,"Tricholoma inamoenum","Tricholoma inamoenum (Fr.) Gillet","5241716","EXACT","97","ACCEPTED","SPECIES","Fungi","Basidiomycota","Agaricomycetes","Agaricales","Tricholomataceae","Tricholoma","Tricholoma inamoenum","Tricholoma inamoenum","(Fr.) Gillet"
,"Tricholoma lascivum","Tricholoma lascivum (Fr.) Gillet","5241719","EXACT","99","ACCEPTED","SPECIES","Fungi","Basidiomycota","Agaricomycetes","Agaricales","Tricholomataceae","Tricholoma","Tricholoma lascivum","Tricholoma lascivum","(Fr.) Gillet"
,"Tricholoma myomyces","Tricholoma myomyces (Pers.) J.E.Lange","5241804","EXACT","98","SYNONYM","SPECIES","Fungi","Basidiomycota","Agaricomycetes","Agaricales","Tricholomataceae","Tricholoma","Tricholoma terreum","Tricholoma myomyces","(Pers.) J.E.Lange"
,"Tricholoma pessundatum","Tricholoma pessundatum (Fr.) Quél.","5241789","EXACT","99","ACCEPTED","SPECIES","Fungi","Basidiomycota","Agaricomycetes","Agaricales","Tricholomataceae","Tricholoma","Tricholoma pessundatum","Tricholoma pessundatum","(Fr.) Quél."
,"Tricholoma portentosum","Tricholoma portentosum (Fr.) Quél.","5241860","EXACT","99","ACCEPTED","SPECIES","Fungi","Basidiomycota","Agaricomycetes","Agaricales","Tricholomataceae","Tricholoma","Tricholoma portentosum","Tricholoma portentosum","(Fr.) Quél."
,"Tricholoma psammopus","Tricholoma psammopus (Kalchbr.) Quél.","5241853","EXACT","99","ACCEPTED","SPECIES","Fungi","Basidiomycota","Agaricomycetes","Agaricales","Tricholomataceae","Tricholoma","Tricholoma psammopus","Tricholoma psammopus","(Kalchbr.) Quél."
,"Tricholoma saponaceum","Tricholoma saponaceum (Fr.) P.Kumm.","3324249","EXACT","99","ACCEPTED","SPECIES","Fungi","Basidiomycota","Agaricomycetes","Agaricales","Tricholomataceae","Tricholoma","Tricholoma saponaceum","Tricholoma saponaceum","(Fr.) P.Kumm."
,"Tricholoma sejunctum","Tricholoma sejunctum (Sowerby) Quél.","5241729","EXACT","99","ACCEPTED","SPECIES","Fungi","Basidiomycota","Agaricomycetes","Agaricales","Tricholomataceae","Tricholoma","Tricholoma sejunctum","Tricholoma sejunctum","(Sowerby) Quél."
,"Tricholoma vaccinum","Tricholoma vaccinum (Schaeff.) P.Kumm.","5241784","EXACT","99","ACCEPTED","SPECIES","Fungi","Basidiomycota","Agaricomycetes","Agaricales","Tricholomataceae","Tricholoma","Tricholoma vaccinum","Tricholoma vaccinum","(Schaeff.) P.Kumm."
,"Tricholoma virgatum","Tricholoma virgatum (Fr.) P.Kumm.","5241830","EXACT","99","ACCEPTED","SPECIES","Fungi","Basidiomycota","Agaricomycetes","Agaricales","Tricholomataceae","Tricholoma","Tricholoma virgatum","Tricholoma virgatum","(Fr.) P.Kumm."
,"Tulostoma melanocyclum","Tulostoma melanocyclum Bres.","5243322","EXACT","99","ACCEPTED","SPECIES","Fungi","Basidiomycota","Agaricomycetes","Agaricales","Agaricaceae","Tulostoma","Tulostoma melanocyclum","Tulostoma melanocyclum","Bres."
,"Verpa conica","Verpa conica (O.F.Müll.) Sw.","5499531","EXACT","99","ACCEPTED","SPECIES","Fungi","Ascomycota","Pezizomycetes","Pezizales","Morchellaceae","Verpa","Verpa conica","Verpa conica","(O.F.Müll.) Sw."
,"Bovista pusilla","Bovista pusilla (Batsch) Pers.","2535211","EXACT","98","ACCEPTED","SPECIES","Fungi","Basidiomycota","Agaricomycetes","Agaricales","Agaricaceae","Bovista","Bovista pusilla","Bovista pusilla","(Batsch) Pers."
,"Calvatia utriformis","Calvatia utriformis (Bull.) Jaap","2536118","EXACT","98","SYNONYM","SPECIES","Fungi","Basidiomycota","Agaricomycetes","Agaricales","Agaricaceae","Bovistella","Bovistella utriformis","Calvatia utriformis","(Bull.) Jaap"
,"Camarophyllopsis foetens","Camarophyllopsis foetens (W.Phillips) Arnolds","2538341","EXACT","98","SYNONYM","SPECIES","Fungi","Basidiomycota","Agaricomycetes","Agaricales","Clavariaceae","Hodophilus","Hodophilus foetens","Camarophyllopsis foetens","(W.Phillips) Arnolds"
,"Camarophyllopsis phaeophylla","Camarophyllopsis phaeophylla (Romagn.) Arnolds","2538384","EXACT","99","ACCEPTED","SPECIES","Fungi","Basidiomycota","Agaricomycetes","Agaricales","Tricholomataceae","Camarophyllopsis","Camarophyllopsis phaeophylla","Camarophyllopsis phaeophylla","(Romagn.) Arnolds"
,"Cantharellus amethysteus","Cantharellus amethysteus (Quél.) Sacc.","5249555","EXACT","99","ACCEPTED","SPECIES","Fungi","Basidiomycota","Agaricomycetes","Cantharellales","Cantharellaceae","Cantharellus","Cantharellus amethysteus","Cantharellus amethysteus","(Quél.) Sacc."
,"Cantharellus cibarius","Cantharellus cibarius Fr.","5249504","EXACT","99","ACCEPTED","SPECIES","Fungi","Basidiomycota","Agaricomycetes","Cantharellales","Cantharellaceae","Cantharellus","Cantharellus cibarius","Cantharellus cibarius","Fr."
,"Cantharellus ferruginascens","Cantharellus ferruginascens P.D.Orton","5249494","EXACT","99","ACCEPTED","SPECIES","Fungi","Basidiomycota","Agaricomycetes","Cantharellales","Cantharellaceae","Cantharellus","Cantharellus ferruginascens","Cantharellus ferruginascens","P.D.Orton"
,"Cantharellus friesii","Cantharellus friesii Quél.","8010163","EXACT","98","ACCEPTED","SPECIES","Fungi","Basidiomycota","Agaricomycetes","Cantharellales","Cantharellaceae","Cantharellus","Cantharellus friesii","Cantharellus friesii","Quél."
,"Cantharellus tubaeformis","Cantharellus tubaeformis Fr.","5249537","EXACT","98","SYNONYM","SPECIES","Fungi","Basidiomycota","Agaricomycetes","Cantharellales","Cantharellaceae","Craterellus","Craterellus tubaeformis","Cantharellus tubaeformis","Fr."
,"Chalciporus rubinus","Chalciporus rubinus (W.G.Sm.) Singer","2524349","EXACT","98","SYNONYM","SPECIES","Fungi","Basidiomycota","Agaricomycetes","Boletales","Boletaceae","Rubinoboletus","Rubinoboletus rubinus","Chalciporus rubinus","(W.G.Sm.) Singer"
,"Chroogomphus rutilus","Chroogomphus rutilus (Schaeff.) O.K.Mill.","2524996","EXACT","99","ACCEPTED","SPECIES","Fungi","Basidiomycota","Agaricomycetes","Boletales","Gomphidiaceae","Chroogomphus","Chroogomphus rutilus","Chroogomphus rutilus","(Schaeff.) O.K.Mill."
,"Amanita gemmata","Amanita gemmata (Fr.) Bertill.","5240292","EXACT","97","ACCEPTED","SPECIES","Fungi","Basidiomycota","Agaricomycetes","Agaricales","Amanitaceae","Amanita","Amanita gemmata","Amanita gemmata","(Fr.) Bertill."
,"Clathrus ruber","Clathrus ruber P.Micheli ex Pers.","5239476","EXACT","97","ACCEPTED","SPECIES","Fungi","Basidiomycota","Agaricomycetes","Phallales","Phallaceae","Clathrus","Clathrus ruber","Clathrus ruber","P.Micheli ex Pers."
,"Collybia distorta","Collybia distorta (Fr.) Quél.","3321181","EXACT","98","SYNONYM","SPECIES","Fungi","Basidiomycota","Agaricomycetes","Agaricales","Omphalotaceae","Rhodocollybia","Rhodocollybia prolixa","Collybia distorta","(Fr.) Quél."
,"Amanita inaurata","Amanita inaurata Secr.","5240214","EXACT","97","SYNONYM","SPECIES","Fungi","Basidiomycota","Agaricomycetes","Agaricales","Amanitaceae","Amanita","Amanita ceciliae","Amanita inaurata","Secr."
,"Collybia fuscopurpurea","Collybia fuscopurpurea (Pers.) P.Kumm.","2537520","EXACT","98","SYNONYM","SPECIES","Fungi","Basidiomycota","Agaricomycetes","Agaricales","Omphalotaceae","Gymnopus","Gymnopus fuscopurpureus","Collybia fuscopurpurea","(Pers.) P.Kumm."
,"Collybia racemosa","Collybia racemosa (Pers.) Quél.","2532035","EXACT","98","SYNONYM","SPECIES","Fungi","Basidiomycota","Agaricomycetes","Agaricales","Tricholomataceae","Dendrocollybia","Dendrocollybia racemosa","Collybia racemosa","(Pers.) Quél."
,"Collybia tuberosa","Collybia tuberosa (Bull.) P.Kumm.","2532472","EXACT","97","ACCEPTED","SPECIES","Fungi","Basidiomycota","Agaricomycetes","Agaricales","Tricholomataceae","Collybia","Collybia tuberosa","Collybia tuberosa","(Bull.) P.Kumm."
,"Craterellus cornucopioides","Craterellus cornucopioides (L.) Pers.","2554662","EXACT","99","ACCEPTED","SPECIES","Fungi","Basidiomycota","Agaricomycetes","Cantharellales","Cantharellaceae","Craterellus","Craterellus cornucopioides","Craterellus cornucopioides","(L.) Pers."
,"Creolophus cirrhatus","Creolophus cirrhatus (Pers.) P.Karst.","2550596","EXACT","98","SYNONYM","SPECIES","Fungi","Basidiomycota","Agaricomycetes","Russulales","Hericiaceae","Hericium","Hericium cirrhatum","Creolophus cirrhatus","(Pers.) P.Karst."
,"Crinipellis scabellus","Crinipellis scabella (Alb. & Schwein.) Murrill","2538113","FUZZY","96","ACCEPTED","SPECIES","Fungi","Basidiomycota","Agaricomycetes","Agaricales","Marasmiaceae","Crinipellis","Crinipellis scabella","Crinipellis scabella","(Alb. & Schwein.) Murrill"
,"Cyathus stercoreus","Cyathus stercoreus (Schwein.) De Toni","5243140","EXACT","99","ACCEPTED","SPECIES","Fungi","Basidiomycota","Agaricomycetes","Agaricales","Agaricaceae","Cyathus","Cyathus stercoreus","Cyathus stercoreus","(Schwein.) De Toni"
,"Disciotis venosa","Disciotis venosa (Pers.) Arnould","9032566","EXACT","97","ACCEPTED","SPECIES","Fungi","Ascomycota","Pezizomycetes","Pezizales","Morchellaceae","Disciotis","Disciotis venosa","Disciotis venosa","(Pers.) Arnould"
,"Faerberia carbonarium","Faerberia carbonaria (Alb. & Schwein.) Pouzar","2546354","FUZZY","96","ACCEPTED","SPECIES","Fungi","Basidiomycota","Agaricomycetes","Polyporales","Polyporaceae","Faerberia","Faerberia carbonaria","Faerberia carbonaria","(Alb. & Schwein.) Pouzar"
,"Ephippiger ephippiger","Ephippiger ephippiger (Fiebig, 1784)","1684006","EXACT","99","ACCEPTED","SPECIES","Animalia","Arthropoda","Insecta","Orthoptera","Tettigoniidae","Ephippiger","Ephippiger ephippiger","Ephippiger ephippiger","(Fiebig, 1784) "
,"Barbitistes serricauda","Barbitistes serricauda (Fabricius, 1794)","1695052","EXACT","99","ACCEPTED","SPECIES","Animalia","Arthropoda","Insecta","Orthoptera","Tettigoniidae","Barbitistes","Barbitistes serricauda","Barbitistes serricauda","(Fabricius, 1794) "
,"Stenobothrus lineatus","Stenobothrus lineatus (Panzer, 1796)","1710962","EXACT","97","ACCEPTED","SPECIES","Animalia","Arthropoda","Insecta","Orthoptera","Acrididae","Stenobothrus","Stenobothrus lineatus","Stenobothrus lineatus","(Panzer, 1796) "
,"Stenobothrus stigmaticus","Stenobothrus stigmaticus (Rambur, 1838)","1710986","EXACT","97","ACCEPTED","SPECIES","Animalia","Arthropoda","Insecta","Orthoptera","Acrididae","Stenobothrus","Stenobothrus stigmaticus","Stenobothrus stigmaticus","(Rambur, 1838) "
,"Tetrix tenuicornis","Tetrix tenuicornis (Sahlberg, 1891)","1681181","EXACT","97","ACCEPTED","SPECIES","Animalia","Arthropoda","Insecta","Orthoptera","Tetrigidae","Tetrix","Tetrix tenuicornis","Tetrix tenuicornis","(Sahlberg, 1891) "
,"Anasimyia contracta","Anasimyia contracta Torp & Claussen, 1980","1538450","EXACT","98","SYNONYM","SPECIES","Animalia","Arthropoda","Insecta","Diptera","Syrphidae","Lejops","Lejops contracta","Anasimyia contracta","Torp & Claussen, 1980"
,"Brachymyia floccosa","Animalia","1","HIGHERRANK","90","ACCEPTED","KINGDOM","Animalia",,,,,,,"Animalia",
,"Brachyopa bicolor","Brachyopa bicolor (Fallén, 1817)","1534412","EXACT","99","ACCEPTED","SPECIES","Animalia","Arthropoda","Insecta","Diptera","Syrphidae","Brachyopa","Brachyopa bicolor","Brachyopa bicolor","(Fallén, 1817) "
,"Lejogaster tarsata","Lejogaster tarsata (Meigen, 1822)","1537389","EXACT","99","ACCEPTED","SPECIES","Animalia","Arthropoda","Insecta","Diptera","Syrphidae","Lejogaster","Lejogaster tarsata","Lejogaster tarsata","(Meigen, 1822) "
,"Melangyna guttata","Melangyna guttata (Fallén, 1817)","1536609","EXACT","99","ACCEPTED","SPECIES","Animalia","Arthropoda","Insecta","Diptera","Syrphidae","Melangyna","Melangyna guttata","Melangyna guttata","(Fallén, 1817) "
,"Brachyopa scutellaris","Brachyopa scutellaris Robineau-Desvoidy, 1843","1534396","EXACT","97","ACCEPTED","SPECIES","Animalia","Arthropoda","Insecta","Diptera","Syrphidae","Brachyopa","Brachyopa scutellaris","Brachyopa scutellaris","Robineau-Desvoidy, 1843"
,"Microdon eggeri","Microdon eggeri Mik, 1897","5072027","EXACT","98","SYNONYM","SPECIES","Animalia","Arthropoda","Insecta","Diptera","Syrphidae","Microdon","Microdon analis","Microdon eggeri","Mik, 1897"
,"Brachypalpus laphriformis","Brachypalpus laphriformis (Fallén, 1816)","6098379","EXACT","98","SYNONYM","SPECIES","Animalia","Arthropoda","Insecta","Diptera","Syrphidae","Brachypalpus","Brachypalpus valgus","Brachypalpus laphriformis","(Fallén, 1816) "
,"Microdon mutabilis","Microdon mutabilis (Linnaeus, 1758)","1542226","EXACT","99","ACCEPTED","SPECIES","Animalia","Arthropoda","Insecta","Diptera","Syrphidae","Microdon","Microdon mutabilis","Microdon mutabilis","(Linnaeus, 1758) "
,"Myolepta vara","Myolepta vara (Panzer, 1797)","4516779","EXACT","99","ACCEPTED","SPECIES","Animalia","Arthropoda","Insecta","Diptera","Syrphidae","Myolepta","Myolepta vara","Myolepta vara","(Panzer, 1797) "
,"Neocnemodon latitarsis","Neocnemodon latitarsis (Egger, 1865)","7789394","EXACT","99","ACCEPTED","SPECIES","Animalia","Arthropoda","Insecta","Diptera","Syrphidae","Neocnemodon","Neocnemodon latitarsis","Neocnemodon latitarsis","(Egger, 1865) "
,"Neocnemodon pubescens","Neocnemodon pubescens (Delucchi & Pschorn, 1955)","8147305","EXACT","99","ACCEPTED","SPECIES","Animalia","Arthropoda","Insecta","Diptera","Syrphidae","Neocnemodon","Neocnemodon pubescens","Neocnemodon pubescens","(Delucchi & Pschorn, 1955) "
,"Orthonevra brevicornis","Orthonevra brevicornis (Loew, 1843)","1537538","EXACT","99","ACCEPTED","SPECIES","Animalia","Arthropoda","Insecta","Diptera","Syrphidae","Orthonevra","Orthonevra brevicornis","Orthonevra brevicornis","(Loew, 1843) "
,"Orthonevra elegans","Orthonevra elegans Wiedemann","1537514","EXACT","97","ACCEPTED","SPECIES","Animalia","Arthropoda","Insecta","Diptera","Syrphidae","Orthonevra","Orthonevra elegans","Orthonevra elegans","Wiedemann"
,"Orthonevra nobilis","Orthonevra nobilis (Fallén, 1817)","1537521","EXACT","99","ACCEPTED","SPECIES","Animalia","Arthropoda","Insecta","Diptera","Syrphidae","Orthonevra","Orthonevra nobilis","Orthonevra nobilis","(Fallén, 1817) "
,"Paragus tibialis","Paragus tibialis (Fallén, 1817)","1535751","EXACT","99","ACCEPTED","SPECIES","Animalia","Arthropoda","Insecta","Diptera","Syrphidae","Paragus","Paragus tibialis","Paragus tibialis","(Fallén, 1817) "
,"Parhelophilus frutetorum","Parhelophilus frutetorum (Fabricius, 1775)","1539293","EXACT","99","ACCEPTED","SPECIES","Animalia","Arthropoda","Insecta","Diptera","Syrphidae","Parhelophilus","Parhelophilus frutetorum","Parhelophilus frutetorum","(Fabricius, 1775) "
,"Parhelophilus versicolor","Parhelophilus versicolor (Fabricius, 1794)","1539269","EXACT","99","ACCEPTED","SPECIES","Animalia","Arthropoda","Insecta","Diptera","Syrphidae","Parhelophilus","Parhelophilus versicolor","Parhelophilus versicolor","(Fabricius, 1794) "
,"Pipiza festiva","Pipiza festiva Meigen, 1822","1536318","EXACT","99","ACCEPTED","SPECIES","Animalia","Arthropoda","Insecta","Diptera","Syrphidae","Pipiza","Pipiza festiva","Pipiza festiva","Meigen, 1822"
,"Pipiza quadrimaculata","Pipiza quadrimaculata (Panzer, 1802)","1536289","EXACT","99","ACCEPTED","SPECIES","Animalia","Arthropoda","Insecta","Diptera","Syrphidae","Pipiza","Pipiza quadrimaculata","Pipiza quadrimaculata","(Panzer, 1802) "
,"Pipizella virens","Pipizella virens (Fabricius, 1805)","1532941","EXACT","99","ACCEPTED","SPECIES","Animalia","Arthropoda","Insecta","Diptera","Syrphidae","Pipizella","Pipizella virens","Pipizella virens","(Fabricius, 1805) "
,"Platycheirus ambiguus","Platycheirus ambiguum (Fallén, 1817)","4516766","FUZZY","96","ACCEPTED","SPECIES","Animalia","Arthropoda","Insecta","Diptera","Syrphidae","Platycheirus","Platycheirus ambiguum","Platycheirus ambiguum","(Fallén, 1817) "
,"Platycheirus perpallidus","Platycheirus perpallidus Verrall, 1901","1543239","EXACT","97","ACCEPTED","SPECIES","Animalia","Arthropoda","Insecta","Diptera","Syrphidae","Platycheirus","Platycheirus perpallidus","Platycheirus perpallidus","Verrall, 1901"
,"Sphaerophoria fatarum","Sphaerophoria fatarum Goeldlin, 1989","1539165","EXACT","97","ACCEPTED","SPECIES","Animalia","Arthropoda","Insecta","Diptera","Syrphidae","Sphaerophoria","Sphaerophoria fatarum","Sphaerophoria fatarum","Goeldlin, 1989"
,"Sphaerophoria interrupta","Sphaerophoria interrupta (Fabricius, 1805)","1536614","EXACT","97","ACCEPTED","SPECIES","Animalia","Arthropoda","Insecta","Diptera","Syrphidae","Sphaerophoria","Sphaerophoria interrupta","Sphaerophoria interrupta","(Fabricius, 1805) "
,"Sphaerophoria philanthus","Sphaerophoria philantha (Meigen, 1822)","4516743","FUZZY","96","ACCEPTED","SPECIES","Animalia","Arthropoda","Insecta","Diptera","Syrphidae","Sphaerophoria","Sphaerophoria philantha","Sphaerophoria philantha","(Meigen, 1822) "
,"Sphaerophoria virgata","Sphaerophoria virgata Goeldlin, 1974","1539192","EXACT","97","ACCEPTED","SPECIES","Animalia","Arthropoda","Insecta","Diptera","Syrphidae","Sphaerophoria","Sphaerophoria virgata","Sphaerophoria virgata","Goeldlin, 1974"
,"Cheilosia bergenstammi","Cheilosia bergenstammi (Becker, 1894)","1540517","EXACT","99","ACCEPTED","SPECIES","Animalia","Arthropoda","Insecta","Diptera","Syrphidae","Cheilosia","Cheilosia bergenstammi","Cheilosia bergenstammi","(Becker, 1894) "
,"Xanthogramma festivum","Xanthogramma festivum (Linnaeus, 1758)","6098350","EXACT","98","SYNONYM","SPECIES","Animalia","Arthropoda","Insecta","Diptera","Syrphidae","Philhelius","Philhelius festivus","Xanthogramma festivum","(Linnaeus, 1758) "
,"Cheilosia honesta","Cheilosia Meigen, 1822","1539835","HIGHERRANK","97","ACCEPTED","GENUS","Animalia","Arthropoda","Insecta","Diptera","Syrphidae","Cheilosia",,"Cheilosia","Meigen, 1822"
,"Cheilosia longula","Cheilosia longula (Zetterstedt, 1838)","1540390","EXACT","99","ACCEPTED","SPECIES","Animalia","Arthropoda","Insecta","Diptera","Syrphidae","Cheilosia","Cheilosia longula","Cheilosia longula","(Zetterstedt, 1838) "
,"Cheilosia mutabilis","Cheilosia mutabilis (Fallén, 1817)","1540212","EXACT","99","ACCEPTED","SPECIES","Animalia","Arthropoda","Insecta","Diptera","Syrphidae","Cheilosia","Cheilosia mutabilis","Cheilosia mutabilis","(Fallén, 1817) "
,"Cheilosia nigripes","Cheilosia nigripes (Meigen, 1822)","1540138","EXACT","97","ACCEPTED","SPECIES","Animalia","Arthropoda","Insecta","Diptera","Syrphidae","Cheilosia","Cheilosia nigripes","Cheilosia nigripes","(Meigen, 1822) "
,"Cheilosia praecox","Cheilosia praecox (Zetterstedt, 1843)","6098376","EXACT","98","SYNONYM","SPECIES","Animalia","Arthropoda","Insecta","Diptera","Syrphidae","Cheilosia","Cheilosia ruralis","Cheilosia praecox","(Zetterstedt, 1843) "
,"Anasimyia transfuga","Anasimyia transfuga (Linnaeus, 1758)","4516795","EXACT","98","SYNONYM","SPECIES","Animalia","Arthropoda","Insecta","Diptera","Syrphidae","Lejops","Lejops transfuga","Anasimyia transfuga","(Linnaeus, 1758) "
,"Cheilosia semifasciata","Cheilosia semifasciata (Becker, 1894)","1540296","EXACT","98","ACCEPTED","SPECIES","Animalia","Arthropoda","Insecta","Diptera","Syrphidae","Cheilosia","Cheilosia semifasciata","Cheilosia semifasciata","(Becker, 1894) "
,"Chrysogaster cemiteriorum","Chrysogaster cemiteriorum (Linnaeus, 1758)","1536758","EXACT","99","ACCEPTED","SPECIES","Animalia","Arthropoda","Insecta","Diptera","Syrphidae","Chrysogaster","Chrysogaster cemiteriorum","Chrysogaster cemiteriorum","(Linnaeus, 1758) "
,"Chrysogaster virescens","Chrysogaster virescens Loew, 1854","1536725","EXACT","99","ACCEPTED","SPECIES","Animalia","Arthropoda","Insecta","Diptera","Syrphidae","Chrysogaster","Chrysogaster virescens","Chrysogaster virescens","Loew, 1854"
,"Chrysotoxum festivum","Chrysotoxum festivum (Linnaeus, 1758)","4516839","EXACT","98","SYNONYM","SPECIES","Animalia","Arthropoda","Insecta","Diptera","Syrphidae","Philhelius","Philhelius festivus","Chrysotoxum festivum","(Linnaeus, 1758) "
,"Criorhina asilica","Criorhina asilica (Fallén, 1816)","5071001","EXACT","99","ACCEPTED","SPECIES","Animalia","Arthropoda","Insecta","Diptera","Syrphidae","Criorhina","Criorhina asilica","Criorhina asilica","(Fallén, 1816) "
,"Arctophila superbiens","Arctophila superbiens (Müller, 1776)","5766569","EXACT","98","SYNONYM","SPECIES","Animalia","Arthropoda","Insecta","Diptera","Syrphidae","Sericomyia","Sericomyia superbiens","Arctophila superbiens","(Müller, 1776) "
,"Criorhina pachymera","Criorhina pachymera (Egger, 1858)","5070983","EXACT","99","ACCEPTED","SPECIES","Animalia","Arthropoda","Insecta","Diptera","Syrphidae","Criorhina","Criorhina pachymera","Criorhina pachymera","(Egger, 1858) "
,"Criorhina ranunculi","Criorhina ranunculi (Panzer, 1803)","5071002","EXACT","99","ACCEPTED","SPECIES","Animalia","Arthropoda","Insecta","Diptera","Syrphidae","Criorhina","Criorhina ranunculi","Criorhina ranunculi","(Panzer, 1803) "
,"Didea alneti","Didea alneti (Fallén, 1817)","1542030","EXACT","99","ACCEPTED","SPECIES","Animalia","Arthropoda","Insecta","Diptera","Syrphidae","Didea","Didea alneti","Didea alneti","(Fallén, 1817) "
,"Didea intermedia","Didea intermedia Loew, 1854","1542026","EXACT","99","ACCEPTED","SPECIES","Animalia","Arthropoda","Insecta","Diptera","Syrphidae","Didea","Didea intermedia","Didea intermedia","Loew, 1854"
,"Doros profuges","Doros profuges (Harris, 1780)","1544513","EXACT","99","ACCEPTED","SPECIES","Animalia","Arthropoda","Insecta","Diptera","Syrphidae","Doros","Doros profuges","Doros profuges","(Harris, 1780) "
,"Eristalinus aeneus","Eristalinus aeneus (Scopoli, 1763)","1542830","EXACT","99","ACCEPTED","SPECIES","Animalia","Arthropoda","Insecta","Diptera","Syrphidae","Eristalinus","Eristalinus aeneus","Eristalinus aeneus","(Scopoli, 1763) "
,"Meles meles","Meles meles (Linnaeus, 1758)","2433875","EXACT","99","ACCEPTED","SPECIES","Animalia","Chordata","Mammalia","Carnivora","Mustelidae","Meles","Meles meles","Meles meles","(Linnaeus, 1758) "
,"Muscardinus avellanarius","Muscardinus avellanarius (Linnaeus, 1758)","2439658","EXACT","99","ACCEPTED","SPECIES","Animalia","Chordata","Mammalia","Rodentia","Gliridae","Muscardinus","Muscardinus avellanarius","Muscardinus avellanarius","(Linnaeus, 1758) "
,"Myotis bechsteinii","Myotis bechsteinii (Kuhl, 1817)","2432427","EXACT","98","ACCEPTED","SPECIES","Animalia","Chordata","Mammalia","Chiroptera","Vespertilionidae","Myotis","Myotis bechsteinii","Myotis bechsteinii","(Kuhl, 1817) "
,"Myotis brandtii","Myotis brandtii (Eversmann, 1845)","7261875","EXACT","99","ACCEPTED","SPECIES","Animalia","Chordata","Mammalia","Chiroptera","Vespertilionidae","Myotis","Myotis brandtii","Myotis brandtii","(Eversmann, 1845) "
,"Myotis dasycneme","Myotis dasycneme (Boie, 1825)","2432452","EXACT","99","ACCEPTED","SPECIES","Animalia","Chordata","Mammalia","Chiroptera","Vespertilionidae","Myotis","Myotis dasycneme","Myotis dasycneme","(Boie, 1825) "
,"Myotis emarginatus","Myotis emarginatus (E.Geoffroy, 1806)","2432470","EXACT","99","ACCEPTED","SPECIES","Animalia","Chordata","Mammalia","Chiroptera","Vespertilionidae","Myotis","Myotis emarginatus","Myotis emarginatus","(E.Geoffroy, 1806) "
,"Myotis myotis","Myotis myotis (Borkhausen, 1797)","2432416","EXACT","99","ACCEPTED","SPECIES","Animalia","Chordata","Mammalia","Chiroptera","Vespertilionidae","Myotis","Myotis myotis","Myotis myotis","(Borkhausen, 1797) "
,"Neomys fodiens","Neomys fodiens (Pennant, 1771)","2435767","EXACT","99","ACCEPTED","SPECIES","Animalia","Chordata","Mammalia","Soricomorpha","Soricidae","Neomys","Neomys fodiens","Neomys fodiens","(Pennant, 1771) "
,"Nyctalus leisleri","Nyctalus leisleri (Kuhl, 1817)","5218522","EXACT","99","ACCEPTED","SPECIES","Animalia","Chordata","Mammalia","Chiroptera","Vespertilionidae","Nyctalus","Nyctalus leisleri","Nyctalus leisleri","(Kuhl, 1817) "
,"Phoca vitulina","Phoca vitulina Linnaeus, 1758","2434793","EXACT","99","ACCEPTED","SPECIES","Animalia","Chordata","Mammalia","Carnivora","Phocidae","Phoca","Phoca vitulina","Phoca vitulina","Linnaeus, 1758"
,"Phocoena phocoena","Phocoena phocoena (Linnaeus, 1758)","2440669","EXACT","99","ACCEPTED","SPECIES","Animalia","Chordata","Mammalia","Cetacea","Phocoenidae","Phocoena","Phocoena phocoena","Phocoena phocoena","(Linnaeus, 1758) "
,"Plecotus austriacus","Plecotus austriacus (J.Fischer, 1829)","5739437","EXACT","98","ACCEPTED","SPECIES","Animalia","Chordata","Mammalia","Chiroptera","Vespertilionidae","Plecotus","Plecotus austriacus","Plecotus austriacus","(J.Fischer, 1829) "
,"Cricetus cricetus","Cricetus cricetus (Linnaeus, 1758)","2438704","EXACT","99","ACCEPTED","SPECIES","Animalia","Chordata","Mammalia","Rodentia","Cricetidae","Cricetus","Cricetus cricetus","Cricetus cricetus","(Linnaeus, 1758) "
,"Vallonia pulchella","Vallonia pulchella (O.F.Müller, 1774)","2296010","EXACT","97","ACCEPTED","SPECIES","Animalia","Mollusca","Gastropoda","Stylommatophora","Valloniidae","Vallonia","Vallonia pulchella","Vallonia pulchella","(O.F.Müller, 1774) "
,"Vertigo angustior","Vertigo angustior Jeffreys, 1830","4567182","EXACT","97","ACCEPTED","SPECIES","Animalia","Mollusca","Gastropoda","Stylommatophora","Vertiginidae","Vertigo","Vertigo angustior","Vertigo angustior","Jeffreys, 1830"
,"Vertigo antivertigo","Vertigo antivertigo (Draparnaud, 1801)","4567237","EXACT","97","ACCEPTED","SPECIES","Animalia","Mollusca","Gastropoda","Stylommatophora","Vertiginidae","Vertigo","Vertigo antivertigo","Vertigo antivertigo","(Draparnaud, 1801) "
,"Zonitoides excavatus","Zonitoides excavatus (Alder, 1830)","6098958","EXACT","97","ACCEPTED","SPECIES","Animalia","Mollusca","Gastropoda","Stylommatophora","Gastrodontidae","Zonitoides","Zonitoides excavatus","Zonitoides excavatus","(Alder, 1830) "
,"Arion rufus","Arion rufus (Linnaeus, 1758)","2294103","EXACT","97","ACCEPTED","SPECIES","Animalia","Mollusca","Gastropoda","Stylommatophora","Arionidae","Arion","Arion rufus","Arion rufus","(Linnaeus, 1758) "
,"Balea biplicata biplicata","Balea biplicata biplicata","6098950","EXACT","97","DOUBTFUL","SUBSPECIES","Animalia","Mollusca","Gastropoda","Stylommatophora","Clausiliidae","Alinda","Alinda biplicata","Balea biplicata biplicata",
,"Balea perversa","Balea perversa (Linnaeus, 1758)","5781968","EXACT","97","ACCEPTED","SPECIES","Animalia","Mollusca","Gastropoda","Stylommatophora","Clausiliidae","Balea","Balea perversa","Balea perversa","(Linnaeus, 1758) "
,"Acanthinula aculeata","Acanthinula aculeata (O.F.Müller, 1774)","4567429","EXACT","99","ACCEPTED","SPECIES","Animalia","Mollusca","Gastropoda","Stylommatophora","Valloniidae","Acanthinula","Acanthinula aculeata","Acanthinula aculeata","(O.F.Müller, 1774) "
,"Candidula gigaxii","Candidula gigaxii (L.Pfeiffer, 1847)","4564645","EXACT","98","SYNONYM","SPECIES","Animalia","Mollusca","Gastropoda","Stylommatophora","Geomitridae","Backeljaia","Backeljaia gigaxii","Candidula gigaxii","(L.Pfeiffer, 1847) "
,"Candidula intersecta","Candidula intersecta (Poiret, 1801)","2296797","EXACT","98","SYNONYM","SPECIES","Animalia","Mollusca","Gastropoda","Stylommatophora","Geomitridae","Xeroplexa","Xeroplexa intersecta","Candidula intersecta","(Poiret, 1801) "
,"Candidula unifasciata unifasciata","Candidula unifasciata unifasciata","4564696","EXACT","98","ACCEPTED","SUBSPECIES","Animalia","Mollusca","Gastropoda","Stylommatophora","Geomitridae","Candidula","Candidula unifasciata","Candidula unifasciata unifasciata",
,"Cernuella cisalpina","Cernuella cisalpina (Rossmässler, 1837)","4565140","EXACT","97","ACCEPTED","SPECIES","Animalia","Mollusca","Gastropoda","Stylommatophora","Geomitridae","Cernuella","Cernuella cisalpina","Cernuella cisalpina","(Rossmässler, 1837) "
,"Clausilia rugosa parvula","Clausilia rugosa parvula (A.Férussac, 1807)","4571047","EXACT","97","ACCEPTED","SUBSPECIES","Animalia","Mollusca","Gastropoda","Stylommatophora","Clausiliidae","Clausilia","Clausilia rugosa","Clausilia rugosa parvula","(A.Férussac, 1807) "
,"Cochlicella barbara","Cochlicella barbara (Linnaeus, 1758)","2296807","EXACT","97","ACCEPTED","SPECIES","Animalia","Mollusca","Gastropoda","Stylommatophora","Geomitridae","Cochlicella","Cochlicella barbara","Cochlicella barbara","(Linnaeus, 1758) "
,"Aegopinella pura","Aegopinella pura (Alder, 1830)","4562571","EXACT","99","ACCEPTED","SPECIES","Animalia","Mollusca","Gastropoda","Stylommatophora","Gastrodontidae","Aegopinella","Aegopinella pura","Aegopinella pura","(Alder, 1830) "
,"Euconulus fulvus","Euconulus fulvus (O.F.Müller, 1774)","4304721","EXACT","97","ACCEPTED","SPECIES","Animalia","Mollusca","Gastropoda","Stylommatophora","Euconulidae","Euconulus","Euconulus fulvus","Euconulus fulvus","(O.F.Müller, 1774) "
,"Euconulus praticola","Euconulus praticola (Reinhardt, 1883)","10966365","EXACT","98","SYNONYM","SPECIES","Animalia","Mollusca","Gastropoda","Stylommatophora","Euconulidae","Euconulus","Euconulus alderi","Euconulus praticola","(Reinhardt, 1883) "
,"Euconulus trochiformis","Euconulus trochiformis (Montagu, 1803)","11068447","EXACT","98","SYNONYM","SPECIES","Animalia","Mollusca","Gastropoda","Stylommatophora","Euconulidae","Euconulus","Euconulus fulvus","Euconulus trochiformis","(Montagu, 1803) "
,"Helicella itala itala","Helicella itala itala","6098960","EXACT","98","ACCEPTED","SUBSPECIES","Animalia","Mollusca","Gastropoda","Stylommatophora","Geomitridae","Helicella","Helicella itala","Helicella itala itala",
,"Helicodonta obvoluta obvoluta","Helicodonta obvoluta obvoluta","4564346","EXACT","98","ACCEPTED","SUBSPECIES","Animalia","Mollusca","Gastropoda","Stylommatophora","Helicodontidae","Helicodonta","Helicodonta obvoluta","Helicodonta obvoluta obvoluta","(O.F.Müller, 1774) "
,"Limax cinereoniger","Limax cinereoniger Wolf, 1803","4567609","EXACT","97","ACCEPTED","SPECIES","Animalia","Mollusca","Gastropoda","Stylommatophora","Limacidae","Limax","Limax cinereoniger","Limax cinereoniger","Wolf, 1803"
,"Macrogastra rolphii","Macrogastra rolphii (W.Turton, 1826)","4570959","EXACT","97","ACCEPTED","SPECIES","Animalia","Mollusca","Gastropoda","Stylommatophora","Clausiliidae","Macrogastra","Macrogastra rolphii","Macrogastra rolphii","(W.Turton, 1826) "
,"Monacha cantiana","Monacha cantiana (Montagu, 1803)","5191102","EXACT","97","ACCEPTED","SPECIES","Animalia","Mollusca","Gastropoda","Stylommatophora","Hygromiidae","Monacha","Monacha cantiana","Monacha cantiana","(Montagu, 1803) "
,"Monacha cartusiana","Monacha cartusiana (O.F.Müller, 1774)","5780449","EXACT","97","ACCEPTED","SPECIES","Animalia","Mollusca","Gastropoda","Stylommatophora","Hygromiidae","Monacha","Monacha cartusiana","Monacha cartusiana","(O.F.Müller, 1774) "
,"Monachoides incarnatus incarnatus","Monachoides incarnatus incarnatus","4564500","EXACT","98","ACCEPTED","SUBSPECIES","Animalia","Mollusca","Gastropoda","Stylommatophora","Hygromiidae","Monachoides","Monachoides incarnatus","Monachoides incarnatus incarnatus",
,"Oxychilus alliarius","Oxychilus alliarius (J.S.Miller, 1822)","5190769","EXACT","97","ACCEPTED","SPECIES","Animalia","Mollusca","Gastropoda","Stylommatophora","Oxychilidae","Oxychilus","Oxychilus alliarius","Oxychilus alliarius","(J.S.Miller, 1822) "
,"Oxyloma elegans elegans","Oxyloma elegans elegans","6098954","EXACT","97","ACCEPTED","SUBSPECIES","Animalia","Mollusca","Gastropoda","Stylommatophora","Succineidae","Oxyloma","Oxyloma elegans","Oxyloma elegans elegans","(Risso, 1826) "
,"Oxyloma sarsii","Oxyloma sarsii (Esmark, 1886)","6098952","EXACT","97","ACCEPTED","SPECIES","Animalia","Mollusca","Gastropoda","Stylommatophora","Succineidae","Oxyloma","Oxyloma sarsii","Oxyloma sarsii","(Esmark, 1886) "
,"Quickella arenaria","Quickella arenaria (Potiez & Michaud, 1838)","4568259","EXACT","99","ACCEPTED","SPECIES","Animalia","Mollusca","Gastropoda","Stylommatophora","Succineidae","Quickella","Quickella arenaria","Quickella arenaria","(Potiez & Michaud, 1838) "
,"Succinella oblonga","Succinella oblonga (Draparnaud, 1801)","4568253","EXACT","99","ACCEPTED","SPECIES","Animalia","Mollusca","Gastropoda","Stylommatophora","Succineidae","Succinella","Succinella oblonga","Succinella oblonga","(Draparnaud, 1801) "
,"Vipera berus","Vipera berus (Linnaeus, 1758)","5960862","EXACT","99","ACCEPTED","SPECIES","Animalia","Chordata","Squamata",,"Viperidae","Vipera","Vipera berus","Vipera berus","(Linnaeus, 1758) "
,"Acartauchenius scurrilis","Acartauchenius scurrilis (O.Pickard-Cambridge, 1873)","2136710","EXACT","99","ACCEPTED","SPECIES","Animalia","Arthropoda","Arachnida","Araneae","Linyphiidae","Acartauchenius","Acartauchenius scurrilis","Acartauchenius scurrilis","(O.Pickard-Cambridge, 1873) "
,"Cheiracanthium virescens","Cheiracanthium virescens (Sundevall, 1833)","2164128","EXACT","99","ACCEPTED","SPECIES","Animalia","Arthropoda","Arachnida","Araneae","Cheiracanthiidae","Cheiracanthium","Cheiracanthium virescens","Cheiracanthium virescens","(Sundevall, 1833) "
,"Clubiona caerulescens","Clubiona caerulescens L.Koch, 1867","2144030","EXACT","99","ACCEPTED","SPECIES","Animalia","Arthropoda","Arachnida","Araneae","Clubionidae","Clubiona","Clubiona caerulescens","Clubiona caerulescens","L.Koch, 1867"
,"Clubiona frisia","Clubiona frisia Wunderlich & Schuett, 1995","2143987","EXACT","99","ACCEPTED","SPECIES","Animalia","Arthropoda","Arachnida","Araneae","Clubionidae","Clubiona","Clubiona frisia","Clubiona frisia","Wunderlich & Schuett, 1995"
,"Clubiona genevensis","Clubiona genevensis L.Koch, 1866","2144295","EXACT","98","SYNONYM","SPECIES","Animalia","Arthropoda","Arachnida","Araneae","Clubionidae","Porrhoclubiona","Porrhoclubiona genevensis","Clubiona genevensis","L.Koch, 1866"
,"Clubiona juvenis","Clubiona juvenis Simon, 1878","2143919","EXACT","99","ACCEPTED","SPECIES","Animalia","Arthropoda","Arachnida","Araneae","Clubionidae","Clubiona","Clubiona juvenis","Clubiona juvenis","Simon, 1878"
,"Clubiona trivialis","Clubiona trivialis C.L.Koch, 1843","2144170","EXACT","99","ACCEPTED","SPECIES","Animalia","Arthropoda","Arachnida","Araneae","Clubionidae","Clubiona","Clubiona trivialis","Clubiona trivialis","C.L.Koch, 1843"
,"Coelotes terrestris","Coelotes terrestris (Wider, 1834)","2141379","EXACT","99","ACCEPTED","SPECIES","Animalia","Arthropoda","Arachnida","Araneae","Agelenidae","Coelotes","Coelotes terrestris","Coelotes terrestris","(Wider, 1834) "
,"Agroeca cuprea","Agroeca cuprea Menge, 1873","2140927","EXACT","99","ACCEPTED","SPECIES","Animalia","Arthropoda","Arachnida","Araneae","Liocranidae","Agroeca","Agroeca cuprea","Agroeca cuprea","Menge, 1873"
,"Crustulina guttata","Crustulina guttata (Wider, 1834)","2157862","EXACT","99","ACCEPTED","SPECIES","Animalia","Arthropoda","Arachnida","Araneae","Theridiidae","Crustulina","Crustulina guttata","Crustulina guttata","(Wider, 1834) "
,"Crustulina sticta","Crustulina sticta (O.Pickard-Cambridge, 1861)","2157858","EXACT","99","ACCEPTED","SPECIES","Animalia","Arthropoda","Arachnida","Araneae","Theridiidae","Crustulina","Crustulina sticta","Crustulina sticta","(O.Pickard-Cambridge, 1861) "
,"Cryphoeca silvicola","Cryphoeca silvicola (C.L.Koch, 1834)","2142177","EXACT","99","ACCEPTED","SPECIES","Animalia","Arthropoda","Arachnida","Araneae","Cybaeidae","Cryphoeca","Cryphoeca silvicola","Cryphoeca silvicola","(C.L.Koch, 1834) "
,"Agroeca dentigera","Agroeca dentigera Kulczyński, 1913","2140925","EXACT","99","ACCEPTED","SPECIES","Animalia","Arthropoda","Arachnida","Araneae","Liocranidae","Agroeca","Agroeca dentigera","Agroeca dentigera","Kulczyński, 1913"
,"Dictyna latens","Dictyna latens (Fabricius, 1775)","2144899","EXACT","98","SYNONYM","SPECIES","Animalia","Arthropoda","Arachnida","Araneae","Dictynidae","Brigittea","Brigittea latens","Dictyna latens","(Fabricius, 1775) "
,"Dictyna pusilla","Dictyna pusilla Thorell, 1856","2144854","EXACT","99","ACCEPTED","SPECIES","Animalia","Arthropoda","Arachnida","Araneae","Dictynidae","Dictyna","Dictyna pusilla","Dictyna pusilla","Thorell, 1856"
,"Dipoena inornata","Theridiidae","9583","HIGHERRANK","97","ACCEPTED","FAMILY","Animalia","Arthropoda","Arachnida","Araneae","Theridiidae",,,"Theridiidae",
,"Dipoena melanogaster","Dipoena melanogaster (C.L.Koch, 1837)","2156452","EXACT","99","ACCEPTED","SPECIES","Animalia","Arthropoda","Arachnida","Araneae","Theridiidae","Dipoena","Dipoena melanogaster","Dipoena melanogaster","(C.L.Koch, 1837) "
,"Dipoena prona","Dipoena prona Simon, 1914","6098893","EXACT","98","SYNONYM","SPECIES","Animalia","Arthropoda","Arachnida","Araneae","Theridiidae","Lasaeola","Lasaeola prona","Dipoena prona","Simon, 1914"
,"Dipoena tristis","Dipoena tristis (Hahn, 1833)","8251371","EXACT","98","SYNONYM","SPECIES","Animalia","Arthropoda","Arachnida","Araneae","Theridiidae","Lasaeola","Lasaeola tristis","Dipoena tristis","(Hahn, 1833) "
,"Dolomedes fimbriatus","Dolomedes fimbriatus (Clerck, 1757)","2150955","EXACT","99","ACCEPTED","SPECIES","Animalia","Arthropoda","Arachnida","Araneae","Pisauridae","Dolomedes","Dolomedes fimbriatus","Dolomedes fimbriatus","(Clerck, 1757) "
,"Agroeca lusatica","Agroeca lusatica (L.Koch, 1875)","2140928","EXACT","99","ACCEPTED","SPECIES","Animalia","Arthropoda","Arachnida","Araneae","Liocranidae","Agroeca","Agroeca lusatica","Agroeca lusatica","(L.Koch, 1875) "
,"Dolomedes plantarius","Dolomedes plantarius (Clerck, 1757)","2150951","EXACT","99","ACCEPTED","SPECIES","Animalia","Arthropoda","Arachnida","Araneae","Pisauridae","Dolomedes","Dolomedes plantarius","Dolomedes plantarius","(Clerck, 1757) "
,"Donacochara speciosa","Donacochara speciosa (Thorell, 1875)","2138781","EXACT","99","ACCEPTED","SPECIES","Animalia","Arthropoda","Arachnida","Araneae","Linyphiidae","Donacochara","Donacochara speciosa","Donacochara speciosa","(Thorell, 1875) "
,"Drassodes pubescens","Drassodes pubescens (Thorell, 1856)","2132216","EXACT","99","ACCEPTED","SPECIES","Animalia","Arthropoda","Arachnida","Araneae","Gnaphosidae","Drassodes","Drassodes pubescens","Drassodes pubescens","(Thorell, 1856) "
,"Drepanotylus uncatus","Drepanotylus uncatus (O.Pickard-Cambridge, 1873)","2138321","EXACT","99","ACCEPTED","SPECIES","Animalia","Arthropoda","Arachnida","Araneae","Linyphiidae","Drepanotylus","Drepanotylus uncatus","Drepanotylus uncatus","(O.Pickard-Cambridge, 1873) "
,"Dysdera erythrina","Dysdera erythrina (Walckenaer, 1802)","2139488","EXACT","99","ACCEPTED","SPECIES","Animalia","Arthropoda","Arachnida","Araneae","Dysderidae","Dysdera","Dysdera erythrina","Dysdera erythrina","(Walckenaer, 1802) "
,"Enoplognatha mordax","Enoplognatha mordax (Thorell, 1875)","2158054","EXACT","99","ACCEPTED","SPECIES","Animalia","Arthropoda","Arachnida","Araneae","Theridiidae","Enoplognatha","Enoplognatha mordax","Enoplognatha mordax","(Thorell, 1875) "
,"Enoplognatha oelandica","Enoplognatha oelandica (Thorell, 1875)","2158090","EXACT","99","ACCEPTED","SPECIES","Animalia","Arthropoda","Arachnida","Araneae","Theridiidae","Enoplognatha","Enoplognatha oelandica","Enoplognatha oelandica","(Thorell, 1875) "
,"Agyneta cauta","Agyneta cauta (O.Pickard-Cambridge, 1903)","2135694","EXACT","99","ACCEPTED","SPECIES","Animalia","Arthropoda","Arachnida","Araneae","Linyphiidae","Agyneta","Agyneta cauta","Agyneta cauta","(O.Pickard-Cambridge, 1903) "
,"Entelecara omissa","Entelecara omissa O.Pickard-Cambridge, 1903","2137321","EXACT","99","ACCEPTED","SPECIES","Animalia","Arthropoda","Arachnida","Araneae","Linyphiidae","Entelecara","Entelecara omissa","Entelecara omissa","O.Pickard-Cambridge, 1903"
,"Episinus truncatus","Episinus truncatus Latreille, 1809","2156125","EXACT","99","ACCEPTED","SPECIES","Animalia","Arthropoda","Arachnida","Araneae","Theridiidae","Episinus","Episinus truncatus","Episinus truncatus","Latreille, 1809"
,"Erigone promiscua","Erigone promiscua (O.Pickard-Cambridge, 1873)","2137715","EXACT","99","ACCEPTED","SPECIES","Animalia","Arthropoda","Arachnida","Araneae","Linyphiidae","Erigone","Erigone promiscua","Erigone promiscua","(O.Pickard-Cambridge, 1873) "
,"Erigonella ignobilis","Erigonella ignobilis (O.Pickard-Cambridge, 1871)","2137540","EXACT","99","ACCEPTED","SPECIES","Animalia","Arthropoda","Arachnida","Araneae","Linyphiidae","Erigonella","Erigonella ignobilis","Erigonella ignobilis","(O.Pickard-Cambridge, 1871) "
,"Ero tuberculata","Ero tuberculata (De Geer, 1778)","2167513","EXACT","99","ACCEPTED","SPECIES","Animalia","Arthropoda","Arachnida","Araneae","Mimetidae","Ero","Ero tuberculata","Ero tuberculata","(De Geer, 1778) "
,"Euophrys aequipes","Euophrys aequipes (O.Pickard-Cambridge, 1871)","5172768","EXACT","98","SYNONYM","SPECIES","Animalia","Arthropoda","Arachnida","Araneae","Salticidae","Talavera","Talavera aequipes","Euophrys aequipes","(O.Pickard-Cambridge, 1871) "
,"Euophrys petrensis","Euophrys petrensis C.L.Koch, 1837","5172779","EXACT","98","SYNONYM","SPECIES","Animalia","Arthropoda","Arachnida","Araneae","Salticidae","Talavera","Talavera petrensis","Euophrys petrensis","C.L.Koch, 1837"
,"Euryopis flavomaculata","Euryopis flavomaculata (C.L.Koch, 1836)","2155761","EXACT","99","ACCEPTED","SPECIES","Animalia","Arthropoda","Arachnida","Araneae","Theridiidae","Euryopis","Euryopis flavomaculata","Euryopis flavomaculata","(C.L.Koch, 1836) "
,"Evarcha laetabunda","Evarcha laetabunda (C.L.Koch, 1846)","2172721","EXACT","99","ACCEPTED","SPECIES","Animalia","Arthropoda","Arachnida","Araneae","Salticidae","Evarcha","Evarcha laetabunda","Evarcha laetabunda","(C.L.Koch, 1846) "
,"Glyphesis cottonae","Glyphesis cottonae (La Touche, 1946)","2137942","EXACT","99","ACCEPTED","SPECIES","Animalia","Arthropoda","Arachnida","Araneae","Linyphiidae","Glyphesis","Glyphesis cottonae","Glyphesis cottonae","(La Touche, 1946) "
,"Glyphesis servulus","Glyphesis servulus (Simon, 1881)","2137944","EXACT","99","ACCEPTED","SPECIES","Animalia","Arthropoda","Arachnida","Araneae","Linyphiidae","Glyphesis","Glyphesis servulus","Glyphesis servulus","(Simon, 1881) "
,"Gnaphosa leporina","Gnaphosa leporina (L.Koch, 1866)","2133883","EXACT","99","ACCEPTED","SPECIES","Animalia","Arthropoda","Arachnida","Araneae","Gnaphosidae","Gnaphosa","Gnaphosa leporina","Gnaphosa leporina","(L.Koch, 1866) "
,"Gnaphosa lucifuga","Gnaphosa lucifuga (Walckenaer, 1802)","2133812","EXACT","99","ACCEPTED","SPECIES","Animalia","Arthropoda","Arachnida","Araneae","Gnaphosidae","Gnaphosa","Gnaphosa lucifuga","Gnaphosa lucifuga","(Walckenaer, 1802) "
,"Gnaphosa nigerrima","Gnaphosa nigerrima L.Koch, 1877","2133821","EXACT","99","ACCEPTED","SPECIES","Animalia","Arthropoda","Arachnida","Araneae","Gnaphosidae","Gnaphosa","Gnaphosa nigerrima","Gnaphosa nigerrima","L.Koch, 1877"
,"Gongylidiellum murcidum","Gongylidiellum murcidum Simon, 1884","2137424","EXACT","99","ACCEPTED","SPECIES","Animalia","Arthropoda","Arachnida","Araneae","Linyphiidae","Gongylidiellum","Gongylidiellum murcidum","Gongylidiellum murcidum","Simon, 1884"
,"Hahnia helveola","Hahnia helveola Simon, 1875","5168738","EXACT","99","ACCEPTED","SPECIES","Animalia","Arthropoda","Arachnida","Araneae","Hahniidae","Hahnia","Hahnia helveola","Hahnia helveola","Simon, 1875"
,"Hahnia nava","Hahnia nava (Blackwall, 1841)","5168728","EXACT","98","ACCEPTED","SPECIES","Animalia","Arthropoda","Arachnida","Araneae","Hahniidae","Hahnia","Hahnia nava","Hahnia nava","(Blackwall, 1841) "
,"Allomengea scopigera","Allomengea scopigera (Grube, 1859)","2135177","EXACT","99","ACCEPTED","SPECIES","Animalia","Arthropoda","Arachnida","Araneae","Linyphiidae","Allomengea","Allomengea scopigera","Allomengea scopigera","(Grube, 1859) "
,"Halorates distinctus","Halorates distinctus (Simon, 1884)","11348526","EXACT","98","SYNONYM","SPECIES","Animalia","Arthropoda","Arachnida","Araneae","Linyphiidae","Collinsia","Collinsia distincta","Halorates distinctus","(Simon, 1884) "
,"Haloratus reprobus","Halorates reprobus (O.Pickard-Cambridge, 1879)","2136540","FUZZY","85","ACCEPTED","SPECIES","Animalia","Arthropoda","Arachnida","Araneae","Linyphiidae","Halorates","Halorates reprobus","Halorates reprobus","(O.Pickard-Cambridge, 1879) "
,"Haplodrassus dalmatensis","Haplodrassus dalmatensis (L.Koch, 1866)","2133633","EXACT","99","ACCEPTED","SPECIES","Animalia","Arthropoda","Arachnida","Araneae","Gnaphosidae","Haplodrassus","Haplodrassus dalmatensis","Haplodrassus dalmatensis","(L.Koch, 1866) "
,"Haplodrassus silvestris","Haplodrassus silvestris (Blackwall, 1833)","2133593","EXACT","99","ACCEPTED","SPECIES","Animalia","Arthropoda","Arachnida","Araneae","Gnaphosidae","Haplodrassus","Haplodrassus silvestris","Haplodrassus silvestris","(Blackwall, 1833) "
,"Haplodrassus umbratilis","Haplodrassus umbratilis (L.Koch, 1866)","2133629","EXACT","99","ACCEPTED","SPECIES","Animalia","Arthropoda","Arachnida","Araneae","Gnaphosidae","Haplodrassus","Haplodrassus umbratilis","Haplodrassus umbratilis","(L.Koch, 1866) "
,"Harpactea hombergi","Harpactea hombergi (Scopoli, 1763)","2139120","EXACT","99","ACCEPTED","SPECIES","Animalia","Arthropoda","Arachnida","Araneae","Dysderidae","Harpactea","Harpactea hombergi","Harpactea hombergi","(Scopoli, 1763) "
,"Heliophanus auratus","Heliophanus auratus C.L.Koch, 1835","2171934","EXACT","99","ACCEPTED","SPECIES","Animalia","Arthropoda","Arachnida","Araneae","Salticidae","Heliophanus","Heliophanus auratus","Heliophanus auratus","C.L.Koch, 1835"
,"Allomengea vidua","Allomengea vidua (L.Koch, 1879)","2135172","EXACT","99","ACCEPTED","SPECIES","Animalia","Arthropoda","Arachnida","Araneae","Linyphiidae","Allomengea","Allomengea vidua","Allomengea vidua","(L.Koch, 1879) "
,"Hygrolycosa rubrofasciata","Hygrolycosa rubrofasciata (Ohlert, 1865)","2145289","EXACT","99","ACCEPTED","SPECIES","Animalia","Arthropoda","Arachnida","Araneae","Lycosidae","Hygrolycosa","Hygrolycosa rubrofasciata","Hygrolycosa rubrofasciata","(Ohlert, 1865) "
,"Alopecosa barbipes","Alopecosa barbipes (Sundevall, 1833)","2147386","EXACT","99","ACCEPTED","SPECIES","Animalia","Arthropoda","Arachnida","Araneae","Lycosidae","Alopecosa","Alopecosa barbipes","Alopecosa barbipes","(Sundevall, 1833) "
,"Hypomma fulvum","Hypomma fulvum (Bösenberg, 1902)","5168408","EXACT","99","ACCEPTED","SPECIES","Animalia","Arthropoda","Arachnida","Araneae","Linyphiidae","Hypomma","Hypomma fulvum","Hypomma fulvum","(Bösenberg, 1902) "
,"Hypselistes jacksoni","Hypselistes jacksoni (O.Pickard-Cambridge, 1903)","2137138","EXACT","99","ACCEPTED","SPECIES","Animalia","Arthropoda","Arachnida","Araneae","Linyphiidae","Hypselistes","Hypselistes jacksoni","Hypselistes jacksoni","(O.Pickard-Cambridge, 1903) "
,"Hypsosinga albovittata","Hypsosinga albovittata (Westring, 1851)","2160397","EXACT","99","ACCEPTED","SPECIES","Animalia","Arthropoda","Arachnida","Araneae","Araneidae","Hypsosinga","Hypsosinga albovittata","Hypsosinga albovittata","(Westring, 1851) "
,"Hypsosinga heri","Hypsosinga heri (Hahn, 1831)","2160405","EXACT","99","ACCEPTED","SPECIES","Animalia","Arthropoda","Arachnida","Araneae","Araneidae","Hypsosinga","Hypsosinga heri","Hypsosinga heri","(Hahn, 1831) "
,"Hypsosinga pygmaea","Hypsosinga pygmaea (Sundevall, 1831)","2160409","EXACT","99","ACCEPTED","SPECIES","Animalia","Arthropoda","Arachnida","Araneae","Araneidae","Hypsosinga","Hypsosinga pygmaea","Hypsosinga pygmaea","(Sundevall, 1831) "
,"Hypsosinga sanguinea","Hypsosinga sanguinea (C.L.Koch, 1844)","2160408","EXACT","99","ACCEPTED","SPECIES","Animalia","Arthropoda","Arachnida","Araneae","Araneidae","Hypsosinga","Hypsosinga sanguinea","Hypsosinga sanguinea","(C.L.Koch, 1844) "
,"Alopecosa cuneata","Alopecosa cuneata (Clerck, 1757)","2147434","EXACT","99","ACCEPTED","SPECIES","Animalia","Arthropoda","Arachnida","Araneae","Lycosidae","Alopecosa","Alopecosa cuneata","Alopecosa cuneata","(Clerck, 1757) "
,"Kaestneria dorsalis","Kaestneria dorsalis (Wider, 1834)","2137972","EXACT","99","ACCEPTED","SPECIES","Animalia","Arthropoda","Arachnida","Araneae","Linyphiidae","Kaestneria","Kaestneria dorsalis","Kaestneria dorsalis","(Wider, 1834) "
,"Alopecosa fabrilis","Alopecosa fabrilis (Clerck, 1757)","2147335","EXACT","99","ACCEPTED","SPECIES","Animalia","Arthropoda","Arachnida","Araneae","Lycosidae","Alopecosa","Alopecosa fabrilis","Alopecosa fabrilis","(Clerck, 1757) "
,"Leptorhoptrum robustum","Leptorhoptrum robustum (Westring, 1851)","2134514","EXACT","99","ACCEPTED","SPECIES","Animalia","Arthropoda","Arachnida","Araneae","Linyphiidae","Leptorhoptrum","Leptorhoptrum robustum","Leptorhoptrum robustum","(Westring, 1851) "
,"Leptothrix hardyi","Leptothrix hardyi (Blackwall, 1850)","2134410","EXACT","99","ACCEPTED","SPECIES","Animalia","Arthropoda","Arachnida","Araneae","Linyphiidae","Leptothrix","Leptothrix hardyi","Leptothrix hardyi","(Blackwall, 1850) "
,"Linyphia tenuipalpis","Linyphia tenuipalpis Simon, 1884","2136652","EXACT","99","ACCEPTED","SPECIES","Animalia","Arthropoda","Arachnida","Araneae","Linyphiidae","Linyphia","Linyphia tenuipalpis","Linyphia tenuipalpis","Simon, 1884"
,"Maro sublestus","Maro sublestus Falconer, 1915","2137482","EXACT","99","ACCEPTED","SPECIES","Animalia","Arthropoda","Arachnida","Araneae","Linyphiidae","Maro","Maro sublestus","Maro sublestus","Falconer, 1915"
,"Marpissa nivoyi","Marpissa nivoyi (Lucas, 1846)","2168243","EXACT","99","ACCEPTED","SPECIES","Animalia","Arthropoda","Arachnida","Araneae","Salticidae","Marpissa","Marpissa nivoyi","Marpissa nivoyi","(Lucas, 1846) "
,"Marpissa pomatia","Marpissa pomatia (Walckenaer, 1802)","2168302","EXACT","99","ACCEPTED","SPECIES","Animalia","Arthropoda","Arachnida","Araneae","Salticidae","Marpissa","Marpissa pomatia","Marpissa pomatia","(Walckenaer, 1802) "
,"Marpissa radiata","Marpissa radiata (Grube, 1859)","2168298","EXACT","99","ACCEPTED","SPECIES","Animalia","Arthropoda","Arachnida","Araneae","Salticidae","Marpissa","Marpissa radiata","Marpissa radiata","(Grube, 1859) "
,"Maso gallicus","Maso gallicus Simon, 1894","2137153","EXACT","99","ACCEPTED","SPECIES","Animalia","Arthropoda","Arachnida","Araneae","Linyphiidae","Maso","Maso gallicus","Maso gallicus","Simon, 1894"
,"Achaearanea riparia","Achaearanea riparia (Blackwall, 1834)","2157621","EXACT","98","SYNONYM","SPECIES","Animalia","Arthropoda","Arachnida","Araneae","Theridiidae","Cryptachaea","Cryptachaea riparia","Achaearanea riparia","(Blackwall, 1834) "
,"Alopecosa trabalis","Alopecosa trabalis (Clerck, 1757)","2147310","EXACT","99","ACCEPTED","SPECIES","Animalia","Arthropoda","Arachnida","Araneae","Lycosidae","Alopecosa","Alopecosa trabalis","Alopecosa trabalis","(Clerck, 1757) "
,"Mastigusa arietina","Mastigusa arietina (Thorell, 1871)","2144850","EXACT","99","ACCEPTED","SPECIES","Animalia","Arthropoda","Arachnida","Araneae","Hahniidae","Mastigusa","Mastigusa arietina","Mastigusa arietina","(Thorell, 1871) "
,"Meioneta affinis","Meioneta affinis (Kulczyński, 1898)","2136513","EXACT","98","SYNONYM","SPECIES","Animalia","Arthropoda","Arachnida","Araneae","Linyphiidae","Agyneta","Agyneta affinis","Meioneta affinis","(Kulczyński, 1898) "
,"Metopobactrus prominulus","Metopobactrus prominulus (O.Pickard-Cambridge, 1873)","2135442","EXACT","99","ACCEPTED","SPECIES","Animalia","Arthropoda","Arachnida","Araneae","Linyphiidae","Metopobactrus","Metopobactrus prominulus","Metopobactrus prominulus","(O.Pickard-Cambridge, 1873) "
,"Micaria dives","Micaria dives (Lucas, 1846)","5168264","EXACT","99","ACCEPTED","SPECIES","Animalia","Arthropoda","Arachnida","Araneae","Gnaphosidae","Micaria","Micaria dives","Micaria dives","(Lucas, 1846) "
,"Micaria fulgens","Micaria fulgens (Walckenaer, 1802)","5168255","EXACT","99","ACCEPTED","SPECIES","Animalia","Arthropoda","Arachnida","Araneae","Gnaphosidae","Micaria","Micaria fulgens","Micaria fulgens","(Walckenaer, 1802) "
,"Microlinyphia impigra","Microlinyphia impigra (O.Pickard-Cambridge, 1871)","2136313","EXACT","99","ACCEPTED","SPECIES","Animalia","Arthropoda","Arachnida","Araneae","Linyphiidae","Microlinyphia","Microlinyphia impigra","Microlinyphia impigra","(O.Pickard-Cambridge, 1871) "
,"Micrommata virescens","Micrommata virescens (Clerck, 1757)","2161872","EXACT","99","ACCEPTED","SPECIES","Animalia","Arthropoda","Arachnida","Araneae","Sparassidae","Micrommata","Micrommata virescens","Micrommata virescens","(Clerck, 1757) "
,"Misumena vatia","Misumena vatia (Clerck, 1757)","2165951","EXACT","99","ACCEPTED","SPECIES","Animalia","Arthropoda","Arachnida","Araneae","Thomisidae","Misumena","Misumena vatia","Misumena vatia","(Clerck, 1757) "
,"Neon valentulus","Neon valentulus Falconer, 1912","2171796","EXACT","99","ACCEPTED","SPECIES","Animalia","Arthropoda","Arachnida","Araneae","Salticidae","Neon","Neon valentulus","Neon valentulus","Falconer, 1912"
,"Neriene emphana","Neriene emphana (Walckenaer, 1841)","2137372","EXACT","99","ACCEPTED","SPECIES","Animalia","Arthropoda","Arachnida","Araneae","Linyphiidae","Neriene","Neriene emphana","Neriene emphana","(Walckenaer, 1841) "
,"Neriene furtiva","Neriene furtiva (O.Pickard-Cambridge, 1871)","2137346","EXACT","99","ACCEPTED","SPECIES","Animalia","Arthropoda","Arachnida","Araneae","Linyphiidae","Neriene","Neriene furtiva","Neriene furtiva","(O.Pickard-Cambridge, 1871) "
,"Neriene hammeni","Neriene hammeni (van Helsdingen, 1963)","2137378","EXACT","99","ACCEPTED","SPECIES","Animalia","Arthropoda","Arachnida","Araneae","Linyphiidae","Neriene","Neriene hammeni","Neriene hammeni","(van Helsdingen, 1963) "
,"Neriene radiata","Neriene radiata (Walckenaer, 1841)","2137370","EXACT","99","ACCEPTED","SPECIES","Animalia","Arthropoda","Arachnida","Araneae","Linyphiidae","Neriene","Neriene radiata","Neriene radiata","(Walckenaer, 1841) "
,"Notioscopus sarcinatus","Notioscopus sarcinatus (O.Pickard-Cambridge, 1873)","2136283","EXACT","99","ACCEPTED","SPECIES","Animalia","Arthropoda","Arachnida","Araneae","Linyphiidae","Notioscopus","Notioscopus sarcinatus","Notioscopus sarcinatus","(O.Pickard-Cambridge, 1873) "
,"Oedothorax gibbosus","Oedothorax gibbosus (Blackwall, 1841)","2136055","EXACT","99","ACCEPTED","SPECIES","Animalia","Arthropoda","Arachnida","Araneae","Linyphiidae","Oedothorax","Oedothorax gibbosus","Oedothorax gibbosus","(Blackwall, 1841) "
,"Oxyopes ramosus","Oxyopes ramosus (Martini & Goeze, 1778)","2178745","EXACT","99","ACCEPTED","SPECIES","Animalia","Arthropoda","Arachnida","Araneae","Oxyopidae","Oxyopes","Oxyopes ramosus","Oxyopes ramosus","(Martini & Goeze, 1778) "
,"Ozyptila atomaria","Ozyptila atomaria (Panzer, 1801)","2166678","EXACT","99","ACCEPTED","SPECIES","Animalia","Arthropoda","Arachnida","Araneae","Thomisidae","Ozyptila","Ozyptila atomaria","Ozyptila atomaria","(Panzer, 1801) "
,"Ozyptila brevipes","Ozyptila brevipes (Hahn, 1826)","2166754","EXACT","99","ACCEPTED","SPECIES","Animalia","Arthropoda","Arachnida","Araneae","Thomisidae","Ozyptila","Ozyptila brevipes","Ozyptila brevipes","(Hahn, 1826) "
,"Ozyptila nigrita","Ozyptila nigrita (Thorell, 1875)","4550303","EXACT","98","SYNONYM","SPECIES","Animalia","Arthropoda","Arachnida","Araneae","Thomisidae","Ozyptila","Ozyptila claveata","Ozyptila nigrita","(Thorell, 1875) "
,"Ozyptila sanctuaria","Ozyptila sanctuaria (O.Pickard-Cambridge, 1871)","2166707","EXACT","99","ACCEPTED","SPECIES","Animalia","Arthropoda","Arachnida","Araneae","Thomisidae","Ozyptila","Ozyptila sanctuaria","Ozyptila sanctuaria","(O.Pickard-Cambridge, 1871) "
,"Ozyptila scabricula","Ozyptila scabricula (Westring, 1851)","2166722","EXACT","99","ACCEPTED","SPECIES","Animalia","Arthropoda","Arachnida","Araneae","Thomisidae","Ozyptila","Ozyptila scabricula","Ozyptila scabricula","(Westring, 1851) "
,"Pachygnatha listeri","Pachygnatha listeri Sundevall, 1830","5170067","EXACT","99","ACCEPTED","SPECIES","Animalia","Arthropoda","Arachnida","Araneae","Tetragnathidae","Pachygnatha","Pachygnatha listeri","Pachygnatha listeri","Sundevall, 1830"
,"Parapelecopsis nemoralis","Parapelecopsis nemoralis (Blackwall, 1841)","2137563","EXACT","99","ACCEPTED","SPECIES","Animalia","Arthropoda","Arachnida","Araneae","Linyphiidae","Parapelecopsis","Parapelecopsis nemoralis","Parapelecopsis nemoralis","(Blackwall, 1841) "
,"Pardosa agrestis","Pardosa agrestis (Westring, 1861)","9741766","EXACT","99","ACCEPTED","SPECIES","Animalia","Arthropoda","Arachnida","Araneae","Lycosidae","Pardosa","Pardosa agrestis","Pardosa agrestis","(Westring, 1861) "
,"Pardosa agricola","Pardosa agricola (Thorell, 1856)","2146178","EXACT","99","ACCEPTED","SPECIES","Animalia","Arthropoda","Arachnida","Araneae","Lycosidae","Pardosa","Pardosa agricola","Pardosa agricola","(Thorell, 1856) "
,"Pardosa lugubris","Pardosa lugubris (Walckenaer, 1802)","2146140","EXACT","99","ACCEPTED","SPECIES","Animalia","Arthropoda","Arachnida","Araneae","Lycosidae","Pardosa","Pardosa lugubris","Pardosa lugubris","(Walckenaer, 1802) "
,"Pardosa monticola","Pardosa monticola (Clerck, 1757)","2146302","EXACT","99","ACCEPTED","SPECIES","Animalia","Arthropoda","Arachnida","Araneae","Lycosidae","Pardosa","Pardosa monticola","Pardosa monticola","(Clerck, 1757) "
,"Pardosa prativaga","Pardosa prativaga (L.Koch, 1870)","2146072","EXACT","99","ACCEPTED","SPECIES","Animalia","Arthropoda","Arachnida","Araneae","Lycosidae","Pardosa","Pardosa prativaga","Pardosa prativaga","(L.Koch, 1870) "
,"Pardosa purbeckensis","Pardosa purbeckensis F.O.Pickard-Cambridge, 1895","6098909","EXACT","99","ACCEPTED","SPECIES","Animalia","Arthropoda","Arachnida","Araneae","Lycosidae","Pardosa","Pardosa purbeckensis","Pardosa purbeckensis","F.O.Pickard-Cambridge, 1895"
,"Pardosa saltans","Pardosa saltans Töpfer-Hofmann, 2000","2146075","EXACT","99","ACCEPTED","SPECIES","Animalia","Arthropoda","Arachnida","Araneae","Lycosidae","Pardosa","Pardosa saltans","Pardosa saltans","Töpfer-Hofmann, 2000"
,"Pardosa sphagnicola","Pardosa sphagnicola (Dahl, 1908)","2146011","EXACT","99","ACCEPTED","SPECIES","Animalia","Arthropoda","Arachnida","Araneae","Lycosidae","Pardosa","Pardosa sphagnicola","Pardosa sphagnicola","(Dahl, 1908) "
,"Pellenes tripunctatus","Pellenes tripunctatus (Walckenaer, 1802)","2172356","EXACT","99","ACCEPTED","SPECIES","Animalia","Arthropoda","Arachnida","Araneae","Salticidae","Pellenes","Pellenes tripunctatus","Pellenes tripunctatus","(Walckenaer, 1802) "
,"Phaeocedus braccatus","Phaeocedus braccatus (L.Koch, 1866)","2133275","EXACT","99","ACCEPTED","SPECIES","Animalia","Arthropoda","Arachnida","Araneae","Gnaphosidae","Phaeocedus","Phaeocedus braccatus","Phaeocedus braccatus","(L.Koch, 1866) "
,"Philodromus albidus","Philodromus albidus Kulczyński, 1911","5169448","EXACT","99","ACCEPTED","SPECIES","Animalia","Arthropoda","Arachnida","Araneae","Philodromidae","Philodromus","Philodromus albidus","Philodromus albidus","Kulczyński, 1911"
,"Aphileta misera","Aphileta misera (O.Pickard-Cambridge, 1882)","2134310","EXACT","99","ACCEPTED","SPECIES","Animalia","Arthropoda","Arachnida","Araneae","Linyphiidae","Aphileta","Aphileta misera","Aphileta misera","(O.Pickard-Cambridge, 1882) "
,"Philodromus fallax","Philodromus fallax Sundevall, 1833","5169487","EXACT","98","SYNONYM","SPECIES","Animalia","Arthropoda","Arachnida","Araneae","Philodromidae","Rhysodromus","Rhysodromus fallax","Philodromus fallax","Sundevall, 1833"
,"Philodromus histrio","Philodromus histrio (Latreille, 1819)","5169400","EXACT","98","SYNONYM","SPECIES","Animalia","Arthropoda","Arachnida","Araneae","Philodromidae","Rhysodromus","Rhysodromus histrio","Philodromus histrio","(Latreille, 1819) "
,"Philodromus margaritatus","Philodromus margaritatus (Clerck, 1757)","5169517","EXACT","99","ACCEPTED","SPECIES","Animalia","Arthropoda","Arachnida","Araneae","Philodromidae","Philodromus","Philodromus margaritatus","Philodromus margaritatus","(Clerck, 1757) "
,"Philodromus praedatus","Philodromus praedatus O.Pickard-Cambridge, 1871","5169589","EXACT","99","ACCEPTED","SPECIES","Animalia","Arthropoda","Arachnida","Araneae","Philodromidae","Philodromus","Philodromus praedatus","Philodromus praedatus","O.Pickard-Cambridge, 1871"
,"Phlegra fasciata","Phlegra fasciata (Hahn, 1826)","2168522","EXACT","99","ACCEPTED","SPECIES","Animalia","Arthropoda","Arachnida","Araneae","Salticidae","Phlegra","Phlegra fasciata","Phlegra fasciata","(Hahn, 1826) "
,"Pholcomma gibbum","Pholcomma gibbum (Westring, 1851)","2157522","EXACT","99","ACCEPTED","SPECIES","Animalia","Arthropoda","Arachnida","Araneae","Theridiidae","Pholcomma","Pholcomma gibbum","Pholcomma gibbum","(Westring, 1851) "
,"Apostenus fuscus","Apostenus fuscus Westring, 1851","2140957","EXACT","99","ACCEPTED","SPECIES","Animalia","Arthropoda","Arachnida","Araneae","Liocranidae","Apostenus","Apostenus fuscus","Apostenus fuscus","Westring, 1851"
,"Phrurolithus minimus","Phrurolithus minimus C.L.Koch, 1839","2148792","EXACT","99","ACCEPTED","SPECIES","Animalia","Arthropoda","Arachnida","Araneae","Phrurolithidae","Phrurolithus","Phrurolithus minimus","Phrurolithus minimus","C.L.Koch, 1839"
,"Pirata piscatorius","Pirata piscatorius (Clerck, 1757)","2146783","EXACT","99","ACCEPTED","SPECIES","Animalia","Arthropoda","Arachnida","Araneae","Lycosidae","Pirata","Pirata piscatorius","Pirata piscatorius","(Clerck, 1757) "
,"Pirata tenuitarsis","Pirata tenuitarsis Simon, 1876","2146721","EXACT","99","ACCEPTED","SPECIES","Animalia","Arthropoda","Arachnida","Araneae","Lycosidae","Pirata","Pirata tenuitarsis","Pirata tenuitarsis","Simon, 1876"
,"Pirata uliginosus","Pirata uliginosus (Thorell, 1856)","2146735","EXACT","98","SYNONYM","SPECIES","Animalia","Arthropoda","Arachnida","Araneae","Lycosidae","Piratula","Piratula uliginosa","Pirata uliginosus","(Thorell, 1856) "
,"Araeoncus crassiceps","Araeoncus crassiceps (Westring, 1861)","2134145","EXACT","99","ACCEPTED","SPECIES","Animalia","Arthropoda","Arachnida","Araneae","Linyphiidae","Araeoncus","Araeoncus crassiceps","Araeoncus crassiceps","(Westring, 1861) "
,"Pistius truncatus","Pistius truncatus (Pallas, 1772)","2166432","EXACT","97","ACCEPTED","SPECIES","Animalia","Arthropoda","Arachnida","Araneae","Thomisidae","Pistius","Pistius truncatus","Pistius truncatus","(Pallas, 1772) "
,"Robertus arundineti","Robertus arundineti (O.Pickard-Cambridge, 1871)","2155881","EXACT","99","ACCEPTED","SPECIES","Animalia","Arthropoda","Arachnida","Araneae","Theridiidae","Robertus","Robertus arundineti","Robertus arundineti","(O.Pickard-Cambridge, 1871) "
,"Araneus alsine","Araneus alsine (Walckenaer, 1802)","2160258","EXACT","99","ACCEPTED","SPECIES","Animalia","Arthropoda","Arachnida","Araneae","Araneidae","Araneus","Araneus alsine","Araneus alsine","(Walckenaer, 1802) "
,"Robertus neglectus","Robertus neglectus (O.Pickard-Cambridge, 1871)","2155886","EXACT","99","ACCEPTED","SPECIES","Animalia","Arthropoda","Arachnida","Araneae","Theridiidae","Robertus","Robertus neglectus","Robertus neglectus","(O.Pickard-Cambridge, 1871) "
,"Saloca diceros","Saloca diceros (O.Pickard-Cambridge, 1871)","2137523","EXACT","99","ACCEPTED","SPECIES","Animalia","Arthropoda","Arachnida","Araneae","Linyphiidae","Saloca","Saloca diceros","Saloca diceros","(O.Pickard-Cambridge, 1871) "
,"Satilatlas britteni","Satilatlas britteni (Jackson, 1913)","2135245","EXACT","99","ACCEPTED","SPECIES","Animalia","Arthropoda","Arachnida","Araneae","Linyphiidae","Satilatlas","Satilatlas britteni","Satilatlas britteni","(Jackson, 1913) "
,"Araneus angulatus","Araneus angulatus Clerck, 1757","7832895","EXACT","97","ACCEPTED","SPECIES","Animalia","Arthropoda","Arachnida","Araneae","Araneidae","Araneus","Araneus angulatus","Araneus angulatus","Clerck, 1757"
,"Savignia frontata","Savignia frontata Blackwall, 1833","5168442","EXACT","99","ACCEPTED","SPECIES","Animalia","Arthropoda","Arachnida","Araneae","Linyphiidae","Savignia","Savignia frontata","Savignia frontata","Blackwall, 1833"
,"Scotina gracilipes","Scotina gracilipes (Blackwall, 1859)","2141094","EXACT","99","ACCEPTED","SPECIES","Animalia","Arthropoda","Arachnida","Araneae","Liocranidae","Scotina","Scotina gracilipes","Scotina gracilipes","(Blackwall, 1859) "
,"Silometopus ambiguus","Silometopus ambiguus (O.Pickard-Cambridge, 1906)","2135360","EXACT","99","ACCEPTED","SPECIES","Animalia","Arthropoda","Arachnida","Araneae","Linyphiidae","Silometopus","Silometopus ambiguus","Silometopus ambiguus","(O.Pickard-Cambridge, 1906) "
,"Silometopus bonessi","Silometopus bonessi Casemir, 1970","2135355","EXACT","99","ACCEPTED","SPECIES","Animalia","Arthropoda","Arachnida","Araneae","Linyphiidae","Silometopus","Silometopus bonessi","Silometopus bonessi","Casemir, 1970"
,"Silometopus elegans","Silometopus elegans (O.Pickard-Cambridge, 1873)","2135363","EXACT","99","ACCEPTED","SPECIES","Animalia","Arthropoda","Arachnida","Araneae","Linyphiidae","Silometopus","Silometopus elegans","Silometopus elegans","(O.Pickard-Cambridge, 1873) "
,"Silometopus incurvatus","Silometopus incurvatus (O.Pickard-Cambridge, 1873)","2135358","EXACT","99","ACCEPTED","SPECIES","Animalia","Arthropoda","Arachnida","Araneae","Linyphiidae","Silometopus","Silometopus incurvatus","Silometopus incurvatus","(O.Pickard-Cambridge, 1873) "
,"Silometopus reussi","Silometopus reussi (Thorell, 1871)","2135362","EXACT","99","ACCEPTED","SPECIES","Animalia","Arthropoda","Arachnida","Araneae","Linyphiidae","Silometopus","Silometopus reussi","Silometopus reussi","(Thorell, 1871) "
,"Singa hamata","Singa hamata (Clerck, 1757)","2159393","EXACT","97","ACCEPTED","SPECIES","Animalia","Arthropoda","Arachnida","Araneae","Araneidae","Singa","Singa hamata","Singa hamata","(Clerck, 1757) "
,"Sitticus caricis","Sitticus caricis (Westring, 1861)","2171700","EXACT","98","SYNONYM","SPECIES","Animalia","Arthropoda","Arachnida","Araneae","Salticidae","Attulus","Attulus caricis","Sitticus caricis","(Westring, 1861) "
,"Sitticus distinguendus","Sitticus distinguendus (Simon, 1868)","2171605","EXACT","98","SYNONYM","SPECIES","Animalia","Arthropoda","Arachnida","Araneae","Salticidae","Attulus","Attulus distinguendus","Sitticus distinguendus","(Simon, 1868) "
,"Sitticus floricola","Sitticus floricola (C.L.Koch, 1837)","2171716","EXACT","98","SYNONYM","SPECIES","Animalia","Arthropoda","Arachnida","Araneae","Salticidae","Attulus","Attulus floricola","Sitticus floricola","(C.L.Koch, 1837) "
,"Sitticus saltator","Sitticus saltator (Simon, 1868)","2171620","EXACT","97","SYNONYM","SPECIES","Animalia","Arthropoda","Arachnida","Araneae","Salticidae","Attulus","Attulus saltator","Sitticus saltator","(Simon, 1868) "
,"Steatoda albomaculata","Steatoda albomaculata (De Geer, 1778)","2157263","EXACT","97","ACCEPTED","SPECIES","Animalia","Arthropoda","Arachnida","Araneae","Theridiidae","Steatoda","Steatoda albomaculata","Steatoda albomaculata","(De Geer, 1778) "
,"Steatoda phalerata","Steatoda phalerata (Panzer, 1801)","2157210","EXACT","98","SYNONYM","SPECIES","Animalia","Arthropoda","Arachnida","Araneae","Theridiidae","Asagena","Asagena phalerata","Steatoda phalerata","(Panzer, 1801) "
,"Taranucnus setosus","Taranucnus setosus (O.Pickard-Cambridge, 1863)","2137245","EXACT","99","ACCEPTED","SPECIES","Animalia","Arthropoda","Arachnida","Araneae","Linyphiidae","Taranucnus","Taranucnus setosus","Taranucnus setosus","(O.Pickard-Cambridge, 1863) "
,"Tegenaria silvestris","Tegenaria silvestris L.Koch, 1872","4550544","EXACT","99","ACCEPTED","SPECIES","Animalia","Arthropoda","Arachnida","Araneae","Agelenidae","Tegenaria","Tegenaria silvestris","Tegenaria silvestris","L.Koch, 1872"
,"Tetragnatha reimoseri","Tetragnatha reimoseri (Roșca, 1939)","2151752","EXACT","99","ACCEPTED","SPECIES","Animalia","Arthropoda","Arachnida","Araneae","Tetragnathidae","Tetragnatha","Tetragnatha reimoseri","Tetragnatha reimoseri","(Roșca, 1939) "
,"Tetragnatha striata","Tetragnatha striata L.Koch, 1862","2151755","EXACT","99","ACCEPTED","SPECIES","Animalia","Arthropoda","Arachnida","Araneae","Tetragnathidae","Tetragnatha","Tetragnatha striata","Tetragnatha striata","L.Koch, 1862"
,"Thanatus striatus","Thanatus striatus C.L.Koch, 1845","2148022","EXACT","99","ACCEPTED","SPECIES","Animalia","Arthropoda","Arachnida","Araneae","Philodromidae","Thanatus","Thanatus striatus","Thanatus striatus","C.L.Koch, 1845"
,"Theonoe minutissima","Theonoe minutissima (O.Pickard-Cambridge, 1879)","5170958","EXACT","99","ACCEPTED","SPECIES","Animalia","Arthropoda","Arachnida","Araneae","Theridiidae","Theonoe","Theonoe minutissima","Theonoe minutissima","(O.Pickard-Cambridge, 1879) "
,"Theridion instabile","Theridion instabile O.Pickard-Cambridge, 1871","8279868","EXACT","98","SYNONYM","SPECIES","Animalia","Arthropoda","Arachnida","Araneae","Theridiidae","Rugathodes","Rugathodes instabilis","Theridion instabile","O.Pickard-Cambridge, 1871"
,"Arctosa cinerea","Arctosa cinerea (Fabricius, 1777)","9764118","EXACT","97","ACCEPTED","SPECIES","Animalia","Arthropoda","Arachnida","Araneae","Lycosidae","Arctosa","Arctosa cinerea","Arctosa cinerea","(Fabricius, 1777) "
,"Theridion uhlighi","Theridion uhligi Martin, 1974","2156662","FUZZY","95","ACCEPTED","SPECIES","Animalia","Arthropoda","Arachnida","Araneae","Theridiidae","Theridion","Theridion uhligi","Theridion uhligi","Martin, 1974"
,"Theridiosoma gemmosum","Theridiosoma gemmosum (L.Koch, 1877)","2163546","EXACT","99","ACCEPTED","SPECIES","Animalia","Arthropoda","Arachnida","Araneae","Theridiosomatidae","Theridiosoma","Theridiosoma gemmosum","Theridiosoma gemmosum","(L.Koch, 1877) "
,"Thyreostenius biovatus","Thyreostenius biovatus (O.Pickard-Cambridge, 1875)","10169585","EXACT","98","SYNONYM","SPECIES","Animalia","Arthropoda","Arachnida","Araneae","Linyphiidae","Thyreosthenius","Thyreosthenius biovatus","Thyreostenius biovatus","(O.Pickard-Cambridge, 1875) "
,"Tibellus maritimus","Tibellus maritimus (Menge, 1875)","2147916","EXACT","99","ACCEPTED","SPECIES","Animalia","Arthropoda","Arachnida","Araneae","Philodromidae","Tibellus","Tibellus maritimus","Tibellus maritimus","(Menge, 1875) "
,"Tibellus oblongus","Tibellus oblongus (Walckenaer, 1802)","9805173","EXACT","98","ACCEPTED","SPECIES","Animalia","Arthropoda","Arachnida","Araneae","Philodromidae","Tibellus","Tibellus oblongus","Tibellus oblongus","(Walckenaer, 1802) "
,"Titanoeca quadriguttata","Titanoeca quadriguttata (Hahn, 1833)","2151120","EXACT","99","ACCEPTED","SPECIES","Animalia","Arthropoda","Arachnida","Araneae","Titanoecidae","Titanoeca","Titanoeca quadriguttata","Titanoeca quadriguttata","(Hahn, 1833) "
,"Tmeticus affinis","Tmeticus affinis (Blackwall, 1855)","2135349","EXACT","99","ACCEPTED","SPECIES","Animalia","Arthropoda","Arachnida","Araneae","Linyphiidae","Tmeticus","Tmeticus affinis","Tmeticus affinis","(Blackwall, 1855) "
,"Trematocephalus cristatus","Trematocephalus cristatus (Wider, 1834)","2134627","EXACT","99","ACCEPTED","SPECIES","Animalia","Arthropoda","Arachnida","Araneae","Linyphiidae","Trematocephalus","Trematocephalus cristatus","Trematocephalus cristatus","(Wider, 1834) "
,"Trichoncus hackmanni","Trichoncus hackmani Millidge, 1955","2134461","FUZZY","96","ACCEPTED","SPECIES","Animalia","Arthropoda","Arachnida","Araneae","Linyphiidae","Trichoncus","Trichoncus hackmani","Trichoncus hackmani","Millidge, 1955"
,"Trichopterna cito","Trichopterna cito (O.Pickard-Cambridge, 1873)","2134393","EXACT","99","ACCEPTED","SPECIES","Animalia","Arthropoda","Arachnida","Araneae","Linyphiidae","Trichopterna","Trichopterna cito","Trichopterna cito","(O.Pickard-Cambridge, 1873) "
,"Arctosa leopardus","Arctosa leopardus (Sundevall, 1833)","2147162","EXACT","99","ACCEPTED","SPECIES","Animalia","Arthropoda","Arachnida","Araneae","Lycosidae","Arctosa","Arctosa leopardus","Arctosa leopardus","(Sundevall, 1833) "
,"Trichopterna thorelli","Trichopterna thorelli (Westring, 1861)","2134401","EXACT","98","SYNONYM","SPECIES","Animalia","Arthropoda","Arachnida","Araneae","Linyphiidae","Trichopternoides","Trichopternoides thorelli","Trichopterna thorelli","(Westring, 1861) "
,"Trochosa robusta","Trochosa robusta (Simon, 1876)","2145798","EXACT","99","ACCEPTED","SPECIES","Animalia","Arthropoda","Arachnida","Araneae","Lycosidae","Trochosa","Trochosa robusta","Trochosa robusta","(Simon, 1876) "
,"Trochosa spinipalpis","Trochosa spinipalpis (F.O.Pickard-Cambridge, 1895)","2145870","EXACT","99","ACCEPTED","SPECIES","Animalia","Arthropoda","Arachnida","Araneae","Lycosidae","Trochosa","Trochosa spinipalpis","Trochosa spinipalpis","(F.O.Pickard-Cambridge, 1895) "
,"Arctosa perita","Arctosa perita (Latreille, 1799)","2147172","EXACT","99","ACCEPTED","SPECIES","Animalia","Arthropoda","Arachnida","Araneae","Lycosidae","Arctosa","Arctosa perita","Arctosa perita","(Latreille, 1799) "
,"Walckenaeria alticeps","Walckenaeria alticeps (Denis, 1952)","2134819","EXACT","99","ACCEPTED","SPECIES","Animalia","Arthropoda","Arachnida","Araneae","Linyphiidae","Walckenaeria","Walckenaeria alticeps","Walckenaeria alticeps","(Denis, 1952) "
,"Walckenaeria corniculans","Walckenaeria corniculans (O.Pickard-Cambridge, 1875)","2134739","EXACT","99","ACCEPTED","SPECIES","Animalia","Arthropoda","Arachnida","Araneae","Linyphiidae","Walckenaeria","Walckenaeria corniculans","Walckenaeria corniculans","(O.Pickard-Cambridge, 1875) "
,"Argenna patula","Argenna patula (Simon, 1874)","2144647","EXACT","99","ACCEPTED","SPECIES","Animalia","Arthropoda","Arachnida","Araneae","Dictynidae","Argenna","Argenna patula","Argenna patula","(Simon, 1874) "
,"Walckenaeria mitrata","Walckenaeria mitrata (Menge, 1868)","2134709","EXACT","99","ACCEPTED","SPECIES","Animalia","Arthropoda","Arachnida","Araneae","Linyphiidae","Walckenaeria","Walckenaeria mitrata","Walckenaeria mitrata","(Menge, 1868) "
,"Walckenaeria nodosa","Walckenaeria nodosa O.Pickard-Cambridge, 1873","2134718","EXACT","99","ACCEPTED","SPECIES","Animalia","Arthropoda","Arachnida","Araneae","Linyphiidae","Walckenaeria","Walckenaeria nodosa","Walckenaeria nodosa","O.Pickard-Cambridge, 1873"
,"Walckenaeria stylifrons","Walckenaeria stylifrons (O.Pickard-Cambridge, 1875)","2134675","EXACT","99","ACCEPTED","SPECIES","Animalia","Arthropoda","Arachnida","Araneae","Linyphiidae","Walckenaeria","Walckenaeria stylifrons","Walckenaeria stylifrons","(O.Pickard-Cambridge, 1875) "
,"Xerolycosa miniata","Xerolycosa miniata (C.L.Koch, 1834)","2147273","EXACT","99","ACCEPTED","SPECIES","Animalia","Arthropoda","Arachnida","Araneae","Lycosidae","Xerolycosa","Xerolycosa miniata","Xerolycosa miniata","(C.L.Koch, 1834) "
,"Argenna subnigra","Argenna subnigra (O.Pickard-Cambridge, 1861)","2144644","EXACT","99","ACCEPTED","SPECIES","Animalia","Arthropoda","Arachnida","Araneae","Dictynidae","Argenna","Argenna subnigra","Argenna subnigra","(O.Pickard-Cambridge, 1861) "
,"Xerolycosa nemoralis","Xerolycosa nemoralis (Westring, 1861)","2147274","EXACT","99","ACCEPTED","SPECIES","Animalia","Arthropoda","Arachnida","Araneae","Lycosidae","Xerolycosa","Xerolycosa nemoralis","Xerolycosa nemoralis","(Westring, 1861) "
,"Xysticus acerbus","Xysticus acerbus Thorell, 1872","2165222","EXACT","99","ACCEPTED","SPECIES","Animalia","Arthropoda","Arachnida","Araneae","Thomisidae","Xysticus","Xysticus acerbus","Xysticus acerbus","Thorell, 1872"
,"Xysticus bifasciatus","Xysticus bifasciatus C.L.Koch, 1837","2165168","EXACT","99","ACCEPTED","SPECIES","Animalia","Arthropoda","Arachnida","Araneae","Thomisidae","Xysticus","Xysticus bifasciatus","Xysticus bifasciatus","C.L.Koch, 1837"
,"Xysticus erraticus","Xysticus erraticus (Blackwall, 1834)","2165083","EXACT","99","ACCEPTED","SPECIES","Animalia","Arthropoda","Arachnida","Araneae","Thomisidae","Xysticus","Xysticus erraticus","Xysticus erraticus","(Blackwall, 1834) "
,"Xysticus luctuosus","Xysticus luctuosus (Blackwall, 1836)","2165055","EXACT","99","ACCEPTED","SPECIES","Animalia","Arthropoda","Arachnida","Araneae","Thomisidae","Xysticus","Xysticus luctuosus","Xysticus luctuosus","(Blackwall, 1836) "
,"Xysticus ninnii","Xysticus ninnii Thorell, 1872","2165015","EXACT","98","SYNONYM","SPECIES","Animalia","Arthropoda","Arachnida","Araneae","Thomisidae","Psammitis","Psammitis ninnii","Xysticus ninnii","Thorell, 1872"
,"Xysticus sabulosus","Xysticus sabulosus (Hahn, 1832)","2165321","EXACT","98","SYNONYM","SPECIES","Animalia","Arthropoda","Arachnida","Araneae","Thomisidae","Psammitis","Psammitis sabulosus","Xysticus sabulosus","(Hahn, 1832) "
,"Zelotes electus","Zelotes electus (C.L.Koch, 1839)","2132428","EXACT","99","ACCEPTED","SPECIES","Animalia","Arthropoda","Arachnida","Araneae","Gnaphosidae","Zelotes","Zelotes electus","Zelotes electus","(C.L.Koch, 1839) "
,"Zelotes longipes","Zelotes longipes (L.Koch, 1866)","2132676","EXACT","99","ACCEPTED","SPECIES","Animalia","Arthropoda","Arachnida","Araneae","Gnaphosidae","Zelotes","Zelotes longipes","Zelotes longipes","(L.Koch, 1866) "
,"Argyroneta aquatica","Argyroneta aquatica (Clerck, 1757)","2179068","EXACT","99","ACCEPTED","SPECIES","Animalia","Arthropoda","Arachnida","Araneae","Dictynidae","Argyroneta","Argyroneta aquatica","Argyroneta aquatica","(Clerck, 1757) "
,"Zelotes lutetianus","Zelotes lutetianus (L.Koch, 1866)","7719720","EXACT","98","SYNONYM","SPECIES","Animalia","Arthropoda","Arachnida","Araneae","Gnaphosidae","Drassyllus","Drassyllus lutetianus","Zelotes lutetianus","(L.Koch, 1866) "
,"Zelotes pedestris","Zelotes pedestris (C.L.Koch, 1837)","7824469","EXACT","98","SYNONYM","SPECIES","Animalia","Arthropoda","Arachnida","Araneae","Gnaphosidae","Trachyzelotes","Trachyzelotes pedestris","Zelotes pedestris","(C.L.Koch, 1837) "
,"Zelotes petrensis","Zelotes petrensis (C.L.Koch, 1839)","2132448","EXACT","99","ACCEPTED","SPECIES","Animalia","Arthropoda","Arachnida","Araneae","Gnaphosidae","Zelotes","Zelotes petrensis","Zelotes petrensis","(C.L.Koch, 1839) "
,"Zelotes praeficus","Zelotes praeficus (L.Koch, 1866)","10088019","EXACT","98","SYNONYM","SPECIES","Animalia","Arthropoda","Arachnida","Araneae","Gnaphosidae","Drassyllus","Drassyllus praeficus","Zelotes praeficus","(L.Koch, 1866) "
,"Zora nemoralis","Zora nemoralis (Blackwall, 1861)","2161223","EXACT","99","ACCEPTED","SPECIES","Animalia","Arthropoda","Arachnida","Araneae","Miturgidae","Zora","Zora nemoralis","Zora nemoralis","(Blackwall, 1861) "
,"Zora silvestris","Zora silvestris Kulczyński, 1897","2161228","EXACT","99","ACCEPTED","SPECIES","Animalia","Arthropoda","Arachnida","Araneae","Miturgidae","Zora","Zora silvestris","Zora silvestris","Kulczyński, 1897"
,"Atypus affinis","Atypus affinis Eichwald, 1830","5171650","EXACT","99","ACCEPTED","SPECIES","Animalia","Arthropoda","Arachnida","Araneae","Atypidae","Atypus","Atypus affinis","Atypus affinis","Eichwald, 1830"
,"Baryphyma duffeyi","Baryphyma duffeyi (Millidge, 1954)","2134202","EXACT","98","SYNONYM","SPECIES","Animalia","Arthropoda","Arachnida","Araneae","Linyphiidae","Praestigia","Praestigia duffeyi","Baryphyma duffeyi","(Millidge, 1954) "
,"Baryphyma maritimum","Baryphyma maritimum (Crocker & Parker, 1970)","2134211","EXACT","99","ACCEPTED","SPECIES","Animalia","Arthropoda","Arachnida","Araneae","Linyphiidae","Baryphyma","Baryphyma maritimum","Baryphyma maritimum","(Crocker & Parker, 1970) "
,"Baryphyma pratense","Baryphyma pratense (Blackwall, 1861)","2134203","EXACT","99","ACCEPTED","SPECIES","Animalia","Arthropoda","Arachnida","Araneae","Linyphiidae","Baryphyma","Baryphyma pratense","Baryphyma pratense","(Blackwall, 1861) "
,"Aelurillus v-insignitus","Aelurillus v-insignitus (Clerck, 1757)","10107295","EXACT","99","ACCEPTED","SPECIES","Animalia","Arthropoda","Arachnida","Araneae","Salticidae","Aelurillus","Aelurillus v-insignitus","Aelurillus v-insignitus","(Clerck, 1757) "
,"Baryphyma trifrons","Baryphyma trifrons (O.Pickard-Cambridge, 1863)","2134207","EXACT","99","ACCEPTED","SPECIES","Animalia","Arthropoda","Arachnida","Araneae","Linyphiidae","Baryphyma","Baryphyma trifrons","Baryphyma trifrons","(O.Pickard-Cambridge, 1863) "
,"Bathyphantes setiger","Bathyphantes setiger F.O.Pickard-Cambridge, 1894","2134055","EXACT","99","ACCEPTED","SPECIES","Animalia","Arthropoda","Arachnida","Araneae","Linyphiidae","Bathyphantes","Bathyphantes setiger","Bathyphantes setiger","F.O.Pickard-Cambridge, 1894"
,"Bianor aurocinctus","Bianor aurocinctus (Ohlert, 1865)","2176673","EXACT","98","SYNONYM","SPECIES","Animalia","Arthropoda","Arachnida","Araneae","Salticidae","Sibianor","Sibianor aurocinctus","Bianor aurocinctus","(Ohlert, 1865) "
,"Carorita paludosa","Carorita paludosa Duffey, 1971","4551650","EXACT","98","SYNONYM","SPECIES","Animalia","Arthropoda","Arachnida","Araneae","Linyphiidae","Karita","Karita paludosa","Carorita paludosa","Duffey, 1971"
,"Agalenatea redii","Agalenatea redii (Scopoli, 1763)","2160943","EXACT","99","ACCEPTED","SPECIES","Animalia","Arthropoda","Arachnida","Araneae","Araneidae","Agalenatea","Agalenatea redii","Agalenatea redii","(Scopoli, 1763) "
,"Centromerus levitarsus","Centromerus levitarsis (Simon, 1884)","2138576","FUZZY","93","ACCEPTED","SPECIES","Animalia","Arthropoda","Arachnida","Araneae","Linyphiidae","Centromerus","Centromerus levitarsis","Centromerus levitarsis","(Simon, 1884) "
,"Centromerus semiater","Centromerus semiater (L.Koch, 1879)","2138604","EXACT","99","ACCEPTED","SPECIES","Animalia","Arthropoda","Arachnida","Araneae","Linyphiidae","Centromerus","Centromerus semiater","Centromerus semiater","(L.Koch, 1879) "
,"Ceratinopsis romana","Ceratinopsis romana (O.P.-Cambridge, 1872)","6098890","EXACT","98","SYNONYM","SPECIES","Animalia","Arthropoda","Arachnida","Araneae","Linyphiidae","Styloctetor","Styloctetor romanus","Ceratinopsis romana","(O.P.-Cambridge, 1872) "
,"Acilius canaliculatus","Acilius canaliculatus (Nicolai, 1822)","4470284","EXACT","99","ACCEPTED","SPECIES","Animalia","Arthropoda","Insecta","Coleoptera","Dytiscidae","Acilius","Acilius canaliculatus","Acilius canaliculatus","(Nicolai, 1822) "
,"Agabus didymus","Agabus didymus (Olivier, 1795)","4469876","EXACT","99","ACCEPTED","SPECIES","Animalia","Arthropoda","Insecta","Coleoptera","Dytiscidae","Agabus","Agabus didymus","Agabus didymus","(Olivier, 1795) "
,"Hygrotus decoratus","Hygrotus decoratus (Gyllenhal, 1810)","4469961","EXACT","98","SYNONYM","SPECIES","Animalia","Arthropoda","Insecta","Coleoptera","Dytiscidae","Clemnius","Clemnius decoratus","Hygrotus decoratus","(Gyllenhal, 1810) "
,"Ilybius aenescens","Ilybius aenescens Thomson, 1870","4469824","EXACT","99","ACCEPTED","SPECIES","Animalia","Arthropoda","Insecta","Coleoptera","Dytiscidae","Ilybius","Ilybius aenescens","Ilybius aenescens","Thomson, 1870"
,"Ilybius guttiger","Ilybius guttiger (Gyllenhal, 1808)","4469797","EXACT","99","ACCEPTED","SPECIES","Animalia","Arthropoda","Insecta","Coleoptera","Dytiscidae","Ilybius","Ilybius guttiger","Ilybius guttiger","(Gyllenhal, 1808) "
,"Ilybius quadriguttatus","Ilybius quadriguttatus (Lacordaire, 1835)","4469821","EXACT","99","ACCEPTED","SPECIES","Animalia","Arthropoda","Insecta","Coleoptera","Dytiscidae","Ilybius","Ilybius quadriguttatus","Ilybius quadriguttatus","(Lacordaire, 1835) "
,"Ilybius subaeneus","Ilybius subaeneus Erichson, 1837","1038798","EXACT","99","ACCEPTED","SPECIES","Animalia","Arthropoda","Insecta","Coleoptera","Dytiscidae","Ilybius","Ilybius subaeneus","Ilybius subaeneus","Erichson, 1837"
,"Laccornis oblongus","Laccornis oblongus (Stephens, 1835)","1038508","EXACT","99","ACCEPTED","SPECIES","Animalia","Arthropoda","Insecta","Coleoptera","Dytiscidae","Laccornis","Laccornis oblongus","Laccornis oblongus","(Stephens, 1835) "
,"Nartus grapii","Nartus grapii (Gyllenhal, 1808)","8501267","EXACT","99","ACCEPTED","SPECIES","Animalia","Arthropoda","Insecta","Coleoptera","Dytiscidae","Nartus","Nartus grapii","Nartus grapii","(Gyllenhal, 1808) "
,"Peltodytes caesus","Peltodytes caesus (Duftschmid, 1805)","4470378","EXACT","99","ACCEPTED","SPECIES","Animalia","Arthropoda","Insecta","Coleoptera","Haliplidae","Peltodytes","Peltodytes caesus","Peltodytes caesus","(Duftschmid, 1805) "
,"Platambus maculatus","Platambus maculatus (Linnaeus, 1758)","4469793","EXACT","99","ACCEPTED","SPECIES","Animalia","Arthropoda","Insecta","Coleoptera","Dytiscidae","Platambus","Platambus maculatus","Platambus maculatus","(Linnaeus, 1758) "
,"Rhantus exsoletus","Rhantus exsoletus (Forster, 1771)","5753548","EXACT","99","ACCEPTED","SPECIES","Animalia","Arthropoda","Insecta","Coleoptera","Dytiscidae","Rhantus","Rhantus exsoletus","Rhantus exsoletus","(Forster, 1771) "
,"Scarodytes halensis","Scarodytes halensis (Fabricius, 1787)","4470251","EXACT","99","ACCEPTED","SPECIES","Animalia","Arthropoda","Insecta","Coleoptera","Dytiscidae","Scarodytes","Scarodytes halensis","Scarodytes halensis","(Fabricius, 1787) "
,"Stictotarsus duodecimpustulatus","Stictotarsus duodecimpustulatus (Fabricius, 1792)","4470137","EXACT","99","ACCEPTED","SPECIES","Animalia","Arthropoda","Insecta","Coleoptera","Dytiscidae","Stictotarsus","Stictotarsus duodecimpustulatus","Stictotarsus duodecimpustulatus","(Fabricius, 1792) "
,"Agabus melanocornis","Agabus melanocornis (Zimmermann, 1915)","4469818","EXACT","98","SYNONYM","SPECIES","Animalia","Arthropoda","Insecta","Coleoptera","Dytiscidae","Ilybius","Ilybius montanus","Agabus melanocornis","(Zimmermann, 1915) "
,"Bidessus grossepunctatus","Bidessus grossepunctatus Vorbringer, 1907","4469943","EXACT","99","ACCEPTED","SPECIES","Animalia","Arthropoda","Insecta","Coleoptera","Dytiscidae","Bidessus","Bidessus grossepunctatus","Bidessus grossepunctatus","Vorbringer, 1907"
,"Cybister lateralimarginalis","Cybister lateralimarginalis (De Geer, 1774)","4470300","EXACT","99","ACCEPTED","SPECIES","Animalia","Arthropoda","Insecta","Coleoptera","Dytiscidae","Cybister","Cybister lateralimarginalis","Cybister lateralimarginalis","(De Geer, 1774) "
,"Deronectes latus","Deronectes latus (Stephens, 1829)","4470104","EXACT","99","ACCEPTED","SPECIES","Animalia","Arthropoda","Insecta","Coleoptera","Dytiscidae","Deronectes","Deronectes latus","Deronectes latus","(Stephens, 1829) "
,"Dytiscus circumcinctus","Dytiscus circumcinctus Ahrens, 1811","1038059","EXACT","99","ACCEPTED","SPECIES","Animalia","Arthropoda","Insecta","Coleoptera","Dytiscidae","Dytiscus","Dytiscus circumcinctus","Dytiscus circumcinctus","Ahrens, 1811"
,"Dytiscus dimidiatus","Dytiscus dimidiatus Bergsträsser, 1778","4470298","EXACT","99","ACCEPTED","SPECIES","Animalia","Arthropoda","Insecta","Coleoptera","Dytiscidae","Dytiscus","Dytiscus dimidiatus","Dytiscus dimidiatus","Bergsträsser, 1778"
,"Dytiscus lapponicus","Dytiscus lapponicus Gyllenhal, 1808","4470296","EXACT","99","ACCEPTED","SPECIES","Animalia","Arthropoda","Insecta","Coleoptera","Dytiscidae","Dytiscus","Dytiscus lapponicus","Dytiscus lapponicus","Gyllenhal, 1808"
,"Graphoderus bilineatus","Graphoderus bilineatus (De Geer, 1774)","4470279","EXACT","99","ACCEPTED","SPECIES","Animalia","Arthropoda","Insecta","Coleoptera","Dytiscidae","Graphoderus","Graphoderus bilineatus","Graphoderus bilineatus","(De Geer, 1774) "
,"Graphoderus zonatus","Graphoderus zonatus (Hoppe, 1795)","4470281","EXACT","99","ACCEPTED","SPECIES","Animalia","Arthropoda","Insecta","Coleoptera","Dytiscidae","Graphoderus","Graphoderus zonatus","Graphoderus zonatus","(Hoppe, 1795) "
,"Graptodytes granularis","Graptodytes granularis (Linnaeus, 1767)","4470165","EXACT","99","ACCEPTED","SPECIES","Animalia","Arthropoda","Insecta","Coleoptera","Dytiscidae","Graptodytes","Graptodytes granularis","Graptodytes granularis","(Linnaeus, 1767) "
,"Gyrinus aeratus","Gyrinus aeratus Stephens, 1835","4988191","EXACT","99","ACCEPTED","SPECIES","Animalia","Arthropoda","Insecta","Coleoptera","Gyrinidae","Gyrinus","Gyrinus aeratus","Gyrinus aeratus","Stephens, 1835"
,"Gyrinus caspius","Gyrinus caspius Ménétriés, 1832","6097387","EXACT","99","ACCEPTED","SPECIES","Animalia","Arthropoda","Insecta","Coleoptera","Gyrinidae","Gyrinus","Gyrinus caspius","Gyrinus caspius","Ménétriés, 1832"
,"Gyrinus minutus","Gyrinus minutus Fabricius, 1798","7898473","EXACT","98","ACCEPTED","SPECIES","Animalia","Arthropoda","Insecta","Coleoptera","Gyrinidae","Gyrinus","Gyrinus minutus","Gyrinus minutus","Fabricius, 1798"
,"Gyrinus paykulli","Gyrinus paykulli Ochs, 1927","6097389","EXACT","99","ACCEPTED","SPECIES","Animalia","Arthropoda","Insecta","Coleoptera","Gyrinidae","Gyrinus","Gyrinus paykulli","Gyrinus paykulli","Ochs, 1927"
,"Gyrinus suffriani","Gyrinus suffriani Scriba, 1855","6097388","EXACT","99","ACCEPTED","SPECIES","Animalia","Arthropoda","Insecta","Coleoptera","Gyrinidae","Gyrinus","Gyrinus suffriani","Gyrinus suffriani","Scriba, 1855"
,"Haliplus fulvicollis","Haliplus fulvicollis Erichson, 1837","4470361","EXACT","99","ACCEPTED","SPECIES","Animalia","Arthropoda","Insecta","Coleoptera","Haliplidae","Haliplus","Haliplus fulvicollis","Haliplus fulvicollis","Erichson, 1837"
,"Haliplus fulvus","Haliplus fulvus (Fabricius, 1801)","4470338","EXACT","99","ACCEPTED","SPECIES","Animalia","Arthropoda","Insecta","Coleoptera","Haliplidae","Haliplus","Haliplus fulvus","Haliplus fulvus","(Fabricius, 1801) "
,"Haliplus furcatus","Haliplus furcatus Seidlitz, 1887","4470347","EXACT","99","ACCEPTED","SPECIES","Animalia","Arthropoda","Insecta","Coleoptera","Haliplidae","Haliplus","Haliplus furcatus","Haliplus furcatus","Seidlitz, 1887"
,"Haliplus lineolatus","Haliplus lineolatus Mannerheim, 1844","4470356","EXACT","99","ACCEPTED","SPECIES","Animalia","Arthropoda","Insecta","Coleoptera","Haliplidae","Haliplus","Haliplus lineolatus","Haliplus lineolatus","Mannerheim, 1844"
,"Haliplus mucronatus","Haliplus mucronatus Stephens, 1828","4470344","EXACT","99","ACCEPTED","SPECIES","Animalia","Arthropoda","Insecta","Coleoptera","Haliplidae","Haliplus","Haliplus mucronatus","Haliplus mucronatus","Stephens, 1828"
,"Haliplus obliquus","Haliplus obliquus (Fabricius, 1787)","4470371","EXACT","99","ACCEPTED","SPECIES","Animalia","Arthropoda","Insecta","Coleoptera","Haliplidae","Haliplus","Haliplus obliquus","Haliplus obliquus","(Fabricius, 1787) "
,"Haliplus variegatus","Haliplus variegatus Sturm, 1834","4470334","EXACT","99","ACCEPTED","SPECIES","Animalia","Arthropoda","Insecta","Coleoptera","Haliplidae","Haliplus","Haliplus variegatus","Haliplus variegatus","Sturm, 1834"
,"Haliplus varius","Haliplus varius Nicolai, 1822","4470370","EXACT","99","ACCEPTED","SPECIES","Animalia","Arthropoda","Insecta","Coleoptera","Haliplidae","Haliplus","Haliplus varius","Haliplus varius","Nicolai, 1822"
,"Hydaticus seminiger","Hydaticus seminiger (De Geer, 1774)","5753570","EXACT","99","ACCEPTED","SPECIES","Animalia","Arthropoda","Insecta","Coleoptera","Dytiscidae","Hydaticus","Hydaticus seminiger","Hydaticus seminiger","(De Geer, 1774) "
,"Hydaticus transversalis","Hydaticus transversalis (Pontoppidan, 1763)","5753568","EXACT","99","ACCEPTED","SPECIES","Animalia","Arthropoda","Insecta","Coleoptera","Dytiscidae","Hydaticus","Hydaticus transversalis","Hydaticus transversalis","(Pontoppidan, 1763) "
,"Hydroporus elongatulus","Hydroporus elongatulus Sturm, 1835","4470006","EXACT","99","ACCEPTED","SPECIES","Animalia","Arthropoda","Insecta","Coleoptera","Dytiscidae","Hydroporus","Hydroporus elongatulus","Hydroporus elongatulus","Sturm, 1835"
,"Hydroporus longulus","Hydroporus longulus Mulsant & Rey, 1861","4470039","EXACT","99","ACCEPTED","SPECIES","Animalia","Arthropoda","Insecta","Coleoptera","Dytiscidae","Hydroporus","Hydroporus longulus","Hydroporus longulus","Mulsant & Rey, 1861"
,"Hydroporus melanarius","Hydroporus melanarius Sturm, 1835","4470073","EXACT","99","ACCEPTED","SPECIES","Animalia","Arthropoda","Insecta","Coleoptera","Dytiscidae","Hydroporus","Hydroporus melanarius","Hydroporus melanarius","Sturm, 1835"
,"Hydroporus neglectus","Hydroporus neglectus Schaum, 1845","4470017","EXACT","99","ACCEPTED","SPECIES","Animalia","Arthropoda","Insecta","Coleoptera","Dytiscidae","Hydroporus","Hydroporus neglectus","Hydroporus neglectus","Schaum, 1845"
,"Hydroporus obscurus","Hydroporus obscurus Sturm, 1835","1038248","EXACT","99","ACCEPTED","SPECIES","Animalia","Arthropoda","Insecta","Coleoptera","Dytiscidae","Hydroporus","Hydroporus obscurus","Hydroporus obscurus","Sturm, 1835"
,"Hydroporus rufifrons","Hydroporus rufifrons (O.F.Müller, 1776)","4470031","EXACT","97","ACCEPTED","SPECIES","Animalia","Arthropoda","Insecta","Coleoptera","Dytiscidae","Hydroporus","Hydroporus rufifrons","Hydroporus rufifrons","(O.F.Müller, 1776) "
,"Hydroporus striola","Hydroporus striola (Gyllenhal, 1826)","1038207","EXACT","99","ACCEPTED","SPECIES","Animalia","Arthropoda","Insecta","Coleoptera","Dytiscidae","Hydroporus","Hydroporus striola","Hydroporus striola","(Gyllenhal, 1826) "
,"Hydroporus umbrosus","Hydroporus umbrosus (Gyllenhal, 1808)","4470069","EXACT","99","ACCEPTED","SPECIES","Animalia","Arthropoda","Insecta","Coleoptera","Dytiscidae","Hydroporus","Hydroporus umbrosus","Hydroporus umbrosus","(Gyllenhal, 1808) "
,"Hydrovatus cuspidatus","Hydrovatus cuspidatus (Kunze, 1818)","1037890","EXACT","99","ACCEPTED","SPECIES","Animalia","Arthropoda","Insecta","Coleoptera","Dytiscidae","Hydrovatus","Hydrovatus cuspidatus","Hydrovatus cuspidatus","(Kunze, 1818) "
,"Agabus didymus","Agabus didymus (Olivier, 1795)","4469876","EXACT","99","ACCEPTED","SPECIES","Animalia","Arthropoda","Insecta","Coleoptera","Dytiscidae","Agabus","Agabus didymus","Agabus didymus","(Olivier, 1795) "
,"Rhantus suturellus","Rhantus suturellus (Harris, 1828)","4989390","EXACT","99","ACCEPTED","SPECIES","Animalia","Arthropoda","Insecta","Coleoptera","Dytiscidae","Rhantus","Rhantus suturellus","Rhantus suturellus","(Harris, 1828) "
,"Stictotarsus duodecimpustulatus","Stictotarsus duodecimpustulatus (Fabricius, 1792)","4470137","EXACT","99","ACCEPTED","SPECIES","Animalia","Arthropoda","Insecta","Coleoptera","Dytiscidae","Stictotarsus","Stictotarsus duodecimpustulatus","Stictotarsus duodecimpustulatus","(Fabricius, 1792) "
,"Yola bicarinata","Yola bicarinata (Latreille, 1804)","4469946","EXACT","99","ACCEPTED","SPECIES","Animalia","Arthropoda","Insecta","Coleoptera","Dytiscidae","Yola","Yola bicarinata","Yola bicarinata","(Latreille, 1804) "
,"Agabus guttatus","Agabus guttatus (Paykull, 1798)","4469878","EXACT","99","ACCEPTED","SPECIES","Animalia","Arthropoda","Insecta","Coleoptera","Dytiscidae","Agabus","Agabus guttatus","Agabus guttatus","(Paykull, 1798) "
,"Agabus labiatus","Agabus labiatus (Brahm, 1790)","4469891","EXACT","99","ACCEPTED","SPECIES","Animalia","Arthropoda","Insecta","Coleoptera","Dytiscidae","Agabus","Agabus labiatus","Agabus labiatus","(Brahm, 1790) "
,"Agabus melanarius","Agabus melanarius Aubé, 1837","4469880","EXACT","99","ACCEPTED","SPECIES","Animalia","Arthropoda","Insecta","Coleoptera","Dytiscidae","Agabus","Agabus melanarius","Agabus melanarius","Aubé, 1837"
,"Agabus nebulosus","Agabus nebulosus (Forster, 1771)","4469867","EXACT","99","ACCEPTED","SPECIES","Animalia","Arthropoda","Insecta","Coleoptera","Dytiscidae","Agabus","Agabus nebulosus","Agabus nebulosus","(Forster, 1771) "
,"Agabus paludosus","Agabus paludosus (Fabricius, 1801)","4469881","EXACT","99","ACCEPTED","SPECIES","Animalia","Arthropoda","Insecta","Coleoptera","Dytiscidae","Agabus","Agabus paludosus","Agabus paludosus","(Fabricius, 1801) "
,"Agabus striolatus","Agabus striolatus (Gyllenhal, 1808)","4469870","EXACT","99","ACCEPTED","SPECIES","Animalia","Arthropoda","Insecta","Coleoptera","Dytiscidae","Agabus","Agabus striolatus","Agabus striolatus","(Gyllenhal, 1808) "
,"Acilius sulcatus","Acilius sulcatus (Linnaeus, 1758)","4470286","EXACT","99","ACCEPTED","SPECIES","Animalia","Arthropoda","Insecta","Coleoptera","Dytiscidae","Acilius","Acilius sulcatus","Acilius sulcatus","(Linnaeus, 1758) "
,"Agabus undulatus","Agabus undulatus (Schrank, 1776)","1037974","EXACT","99","ACCEPTED","SPECIES","Animalia","Arthropoda","Insecta","Coleoptera","Dytiscidae","Agabus","Agabus undulatus","Agabus undulatus","(Schrank, 1776) "
,"Agabus unguicularis","Agabus unguicularis (Thomson, 1867)","4469845","EXACT","99","ACCEPTED","SPECIES","Animalia","Arthropoda","Insecta","Coleoptera","Dytiscidae","Agabus","Agabus unguicularis","Agabus unguicularis","(Thomson, 1867) "
,"Coelambus nigrolineatus","Coelambus nigrolineatus (Steven, 1808)","6097304","EXACT","98","SYNONYM","SPECIES","Animalia","Arthropoda","Insecta","Coleoptera","Dytiscidae","Hygrotus","Hygrotus nigrolineatus","Coelambus nigrolineatus","(Steven, 1808) "
,"Coelambus parallelogrammus","Coelambus parallelogrammus (Ahrens, 1812)","4308860","EXACT","98","SYNONYM","SPECIES","Animalia","Arthropoda","Insecta","Coleoptera","Dytiscidae","Hygrotus","Hygrotus parallellogrammus","Coelambus parallelogrammus","(Ahrens, 1812) "
,"Dytiscus circumflexus","Dytiscus circumflexus Fabricius, 1801","4470293","EXACT","99","ACCEPTED","SPECIES","Animalia","Arthropoda","Insecta","Coleoptera","Dytiscidae","Dytiscus","Dytiscus circumflexus","Dytiscus circumflexus","Fabricius, 1801"
,"Dytiscus dimidiatus","Dytiscus dimidiatus Bergsträsser, 1778","4470298","EXACT","99","ACCEPTED","SPECIES","Animalia","Arthropoda","Insecta","Coleoptera","Dytiscidae","Dytiscus","Dytiscus dimidiatus","Dytiscus dimidiatus","Bergsträsser, 1778"
,"Dytiscus lapponicus","Dytiscus lapponicus Gyllenhal, 1808","4470296","EXACT","99","ACCEPTED","SPECIES","Animalia","Arthropoda","Insecta","Coleoptera","Dytiscidae","Dytiscus","Dytiscus lapponicus","Dytiscus lapponicus","Gyllenhal, 1808"
,"Graphoderus cinereus","Graphoderus cinereus (Linnaeus, 1758)","1037908","EXACT","99","ACCEPTED","SPECIES","Animalia","Arthropoda","Insecta","Coleoptera","Dytiscidae","Graphoderus","Graphoderus cinereus","Graphoderus cinereus","(Linnaeus, 1758) "
,"Graptodytes bilineatus","Graptodytes bilineatus (Sturm, 1835)","4470170","EXACT","99","ACCEPTED","SPECIES","Animalia","Arthropoda","Insecta","Coleoptera","Dytiscidae","Graptodytes","Graptodytes bilineatus","Graptodytes bilineatus","(Sturm, 1835) "
,"Graptodytes granularis","Graptodytes granularis (Linnaeus, 1767)","4470165","EXACT","99","ACCEPTED","SPECIES","Animalia","Arthropoda","Insecta","Coleoptera","Dytiscidae","Graptodytes","Graptodytes granularis","Graptodytes granularis","(Linnaeus, 1767) "
,"Graptodytes pictus","Graptodytes pictus (Fabricius, 1787)","4470158","EXACT","99","ACCEPTED","SPECIES","Animalia","Arthropoda","Insecta","Coleoptera","Dytiscidae","Graptodytes","Graptodytes pictus","Graptodytes pictus","(Fabricius, 1787) "
,"Hydaticus seminiger","Hydaticus seminiger (De Geer, 1774)","5753570","EXACT","99","ACCEPTED","SPECIES","Animalia","Arthropoda","Insecta","Coleoptera","Dytiscidae","Hydaticus","Hydaticus seminiger","Hydaticus seminiger","(De Geer, 1774) "
,"Hydroporus discretus","Hydroporus discretus Fairmaire & Brisout de Barneville, 1859","4470033","EXACT","99","ACCEPTED","SPECIES","Animalia","Arthropoda","Insecta","Coleoptera","Dytiscidae","Hydroporus","Hydroporus discretus","Hydroporus discretus","Fairmaire & Brisout de Barneville, 1859"
,"Hydroporus ferrugineus","Hydroporus ferrugineus Stephens, 1829","4470051","EXACT","99","ACCEPTED","SPECIES","Animalia","Arthropoda","Insecta","Coleoptera","Dytiscidae","Hydroporus","Hydroporus ferrugineus","Hydroporus ferrugineus","Stephens, 1829"
,"Hydroporus rufifrons","Hydroporus rufifrons (O.F.Müller, 1776)","4470031","EXACT","97","ACCEPTED","SPECIES","Animalia","Arthropoda","Insecta","Coleoptera","Dytiscidae","Hydroporus","Hydroporus rufifrons","Hydroporus rufifrons","(O.F.Müller, 1776) "
,"Agabus chalconatus","Agabus chalconatus (Panzer, 1796)","6097297","EXACT","98","SYNONYM","SPECIES","Animalia","Arthropoda","Insecta","Coleoptera","Dytiscidae","Ilybius","Ilybius chalconatus","Agabus chalconatus","(Panzer, 1796) "
,"Hydrovatus cuspidatus","Hydrovatus cuspidatus (Kunze, 1818)","1037890","EXACT","99","ACCEPTED","SPECIES","Animalia","Arthropoda","Insecta","Coleoptera","Dytiscidae","Hydrovatus","Hydrovatus cuspidatus","Hydrovatus cuspidatus","(Kunze, 1818) "
,"Hygrotus versicolor","Hygrotus versicolor (Schaller, 1783)","4469959","EXACT","99","ACCEPTED","SPECIES","Animalia","Arthropoda","Insecta","Coleoptera","Dytiscidae","Hygrotus","Hygrotus versicolor","Hygrotus versicolor","(Schaller, 1783) "
,"Agabus congener","Agabus congener (Thunberg, 1794)","1037986","EXACT","99","ACCEPTED","SPECIES","Animalia","Arthropoda","Insecta","Coleoptera","Dytiscidae","Agabus","Agabus congener","Agabus congener","(Thunberg, 1794) "
,"Ilybius aenescens","Ilybius aenescens Thomson, 1870","4469824","EXACT","99","ACCEPTED","SPECIES","Animalia","Arthropoda","Insecta","Coleoptera","Dytiscidae","Ilybius","Ilybius aenescens","Ilybius aenescens","Thomson, 1870"
,"Ilybius fenestratus","Ilybius fenestratus (Fabricius, 1781)","1038781","EXACT","99","ACCEPTED","SPECIES","Animalia","Arthropoda","Insecta","Coleoptera","Dytiscidae","Ilybius","Ilybius fenestratus","Ilybius fenestratus","(Fabricius, 1781) "
,"Ilybius subaeneus","Ilybius subaeneus Erichson, 1837","1038798","EXACT","99","ACCEPTED","SPECIES","Animalia","Arthropoda","Insecta","Coleoptera","Dytiscidae","Ilybius","Ilybius subaeneus","Ilybius subaeneus","Erichson, 1837"
,"Laccophilus hyalinus","Laccophilus hyalinus (De Geer, 1774)","4469786","EXACT","99","ACCEPTED","SPECIES","Animalia","Arthropoda","Insecta","Coleoptera","Dytiscidae","Laccophilus","Laccophilus hyalinus","Laccophilus hyalinus","(De Geer, 1774) "
,"Laccophilus minutus","Laccophilus minutus (Linnaeus, 1758)","1038313","EXACT","99","ACCEPTED","SPECIES","Animalia","Arthropoda","Insecta","Coleoptera","Dytiscidae","Laccophilus","Laccophilus minutus","Laccophilus minutus","(Linnaeus, 1758) "
,"Agabus conspersus","Agabus conspersus (Marsham, 1802)","4308858","EXACT","99","ACCEPTED","SPECIES","Animalia","Arthropoda","Insecta","Coleoptera","Dytiscidae","Agabus","Agabus conspersus","Agabus conspersus","(Marsham, 1802) "
,"Nartus grapii","Nartus grapii (Gyllenhal, 1808)","8501267","EXACT","99","ACCEPTED","SPECIES","Animalia","Arthropoda","Insecta","Coleoptera","Dytiscidae","Nartus","Nartus grapii","Nartus grapii","(Gyllenhal, 1808) "
,"Nebrioporus canaliculatus","Nebrioporus canaliculatus (Lacordaire, 1835)","4470218","EXACT","99","ACCEPTED","SPECIES","Animalia","Arthropoda","Insecta","Coleoptera","Dytiscidae","Nebrioporus","Nebrioporus canaliculatus","Nebrioporus canaliculatus","(Lacordaire, 1835) "
,"Nebrioporus depressus","Nebrioporus depressus (Fabricius, 1775)","1037897","EXACT","99","ACCEPTED","SPECIES","Animalia","Arthropoda","Insecta","Coleoptera","Dytiscidae","Nebrioporus","Nebrioporus depressus","Nebrioporus depressus","(Fabricius, 1775) "
,"Platambus maculatus","Platambus maculatus (Linnaeus, 1758)","4469793","EXACT","99","ACCEPTED","SPECIES","Animalia","Arthropoda","Insecta","Coleoptera","Dytiscidae","Platambus","Platambus maculatus","Platambus maculatus","(Linnaeus, 1758) "
,"Porhydrus lineatus","Porhydrus lineatus (Fabricius, 1775)","4470260","EXACT","99","ACCEPTED","SPECIES","Animalia","Arthropoda","Insecta","Coleoptera","Dytiscidae","Porhydrus","Porhydrus lineatus","Porhydrus lineatus","(Fabricius, 1775) "
,"Rhantus exsoletus","Rhantus exsoletus (Forster, 1771)","5753548","EXACT","99","ACCEPTED","SPECIES","Animalia","Arthropoda","Insecta","Coleoptera","Dytiscidae","Rhantus","Rhantus exsoletus","Rhantus exsoletus","(Forster, 1771) "
,"Rhantus frontalis","Rhantus frontalis (Marsham, 1802)","4989387","EXACT","99","ACCEPTED","SPECIES","Animalia","Arthropoda","Insecta","Coleoptera","Dytiscidae","Rhantus","Rhantus frontalis","Rhantus frontalis","(Marsham, 1802) "
,"Aphelocheirus aestivalis","Aphelocheirus aestivalis (Fabricius, 1794)","4485511","EXACT","99","ACCEPTED","SPECIES","Animalia","Arthropoda","Insecta","Hemiptera","Aphelocheiridae","Aphelocheirus","Aphelocheirus aestivalis","Aphelocheirus aestivalis","(Fabricius, 1794) "
,"Cymatia bonsdorffi","Cymatia bonsdorffii (C.Sahlberg, 1819)","5866462","FUZZY","96","ACCEPTED","SPECIES","Animalia","Arthropoda","Insecta","Hemiptera","Corixidae","Cymatia","Cymatia bonsdorffii","Cymatia bonsdorffii","(C.Sahlberg, 1819) "
,"Cymatia coleoptrata","Cymatia coleoptrata (Fabricius, 1777)","2049918","EXACT","99","ACCEPTED","SPECIES","Animalia","Arthropoda","Insecta","Hemiptera","Corixidae","Cymatia","Cymatia coleoptrata","Cymatia coleoptrata","(Fabricius, 1777) "
,"Gerris gibbifer","Gerris gibbifer Schummel, 1832","5758659","EXACT","99","ACCEPTED","SPECIES","Animalia","Arthropoda","Insecta","Hemiptera","Gerridae","Gerris","Gerris gibbifer","Gerris gibbifer","Schummel, 1832"
,"Gerris lateralis","Gerris lateralis Schummel, 1832","5758665","EXACT","99","ACCEPTED","SPECIES","Animalia","Arthropoda","Insecta","Hemiptera","Gerridae","Gerris","Gerris lateralis","Gerris lateralis","Schummel, 1832"
,"Hebrus pusillus","Hebrus pusillus (Fallén, 1807)","2020325","EXACT","99","ACCEPTED","SPECIES","Animalia","Arthropoda","Insecta","Hemiptera","Hebridae","Hebrus","Hebrus pusillus","Hebrus pusillus","(Fallén, 1807) "
,"Aquarius najas","Aquarius najas (De Geer, 1773)","5866107","EXACT","97","ACCEPTED","SPECIES","Animalia","Arthropoda","Insecta","Hemiptera","Gerridae","Aquarius","Aquarius najas","Aquarius najas","(De Geer, 1773) "
,"Hesperocorixa castanea","Hesperocorixa castanea (Thomson, 1869)","4485378","EXACT","99","ACCEPTED","SPECIES","Animalia","Arthropoda","Insecta","Hemiptera","Corixidae","Hesperocorixa","Hesperocorixa castanea","Hesperocorixa castanea","(Thomson, 1869) "
,"Hydrometra gracilenta","Hydrometra gracilenta Horváth, 1899","4485514","EXACT","99","ACCEPTED","SPECIES","Animalia","Arthropoda","Insecta","Hemiptera","Hydrometridae","Hydrometra","Hydrometra gracilenta","Hydrometra gracilenta","Horváth, 1899"
,"Mesovelia furcata","Mesovelia furcata Mulsant & Rey, 1852","2012232","EXACT","99","ACCEPTED","SPECIES","Animalia","Arthropoda","Insecta","Hemiptera","Mesoveliidae","Mesovelia","Mesovelia furcata","Mesovelia furcata","Mulsant & Rey, 1852"
,"Microvelia pygmaea","Microvelia pygmaea (Dufour, 1833)","4485323","EXACT","99","ACCEPTED","SPECIES","Animalia","Arthropoda","Insecta","Hemiptera","Veliidae","Microvelia","Microvelia pygmaea","Microvelia pygmaea","(Dufour, 1833) "
,"Microvelia buenoi","Microvelia buenoi Drake, 1920","2020352","EXACT","99","ACCEPTED","SPECIES","Animalia","Arthropoda","Insecta","Hemiptera","Veliidae","Microvelia","Microvelia buenoi","Microvelia buenoi","Drake, 1920"
,"Notonecta obliqua","Notonecta obliqua Gallen, 1787","10728437","EXACT","98","ACCEPTED","SPECIES","Animalia","Arthropoda","Insecta","Hemiptera","Notonectidae","Notonecta","Notonecta obliqua","Notonecta obliqua","Gallen, 1787"
,"Sigara fossarum","Sigara fossarum (Leach, 1817)","4485413","EXACT","99","ACCEPTED","SPECIES","Animalia","Arthropoda","Insecta","Hemiptera","Corixidae","Sigara","Sigara fossarum","Sigara fossarum","(Leach, 1817) "
,"Corixa panzeri","Corixa panzeri Fieber, 1848","5156065","EXACT","99","ACCEPTED","SPECIES","Animalia","Arthropoda","Insecta","Hemiptera","Corixidae","Corixa","Corixa panzeri","Corixa panzeri","Fieber, 1848"
,"Aphelocheirus aestivalis","Aphelocheirus aestivalis (Fabricius, 1794)","4485511","EXACT","99","ACCEPTED","SPECIES","Animalia","Arthropoda","Insecta","Hemiptera","Aphelocheiridae","Aphelocheirus","Aphelocheirus aestivalis","Aphelocheirus aestivalis","(Fabricius, 1794) "
,"Cymatia bonsdorffii","Cymatia bonsdorffii (C.Sahlberg, 1819)","5866462","EXACT","99","ACCEPTED","SPECIES","Animalia","Arthropoda","Insecta","Hemiptera","Corixidae","Cymatia","Cymatia bonsdorffii","Cymatia bonsdorffii","(C.Sahlberg, 1819) "
,"Gerris gibbifer","Gerris gibbifer Schummel, 1832","5758659","EXACT","99","ACCEPTED","SPECIES","Animalia","Arthropoda","Insecta","Hemiptera","Gerridae","Gerris","Gerris gibbifer","Gerris gibbifer","Schummel, 1832"
,"Hebrus pusillus","Hebrus pusillus (Fallén, 1807)","2020325","EXACT","99","ACCEPTED","SPECIES","Animalia","Arthropoda","Insecta","Hemiptera","Hebridae","Hebrus","Hebrus pusillus","Hebrus pusillus","(Fallén, 1807) "
,"Gerris najas","Gerris najas (Degeer)","6096736","EXACT","97","SYNONYM","SPECIES","Animalia","Arthropoda","Insecta","Hemiptera","Gerridae","Aquarius","Aquarius najas","Gerris najas","(Degeer) "
,"Hebrus ruficeps","Hebrus ruficeps Thomson, 1871","4485475","EXACT","99","ACCEPTED","SPECIES","Animalia","Arthropoda","Insecta","Hemiptera","Hebridae","Hebrus","Hebrus ruficeps","Hebrus ruficeps","Thomson, 1871"
,"Hesperocorixa castanea","Hesperocorixa castanea (Thomson, 1869)","4485378","EXACT","99","ACCEPTED","SPECIES","Animalia","Arthropoda","Insecta","Hemiptera","Corixidae","Hesperocorixa","Hesperocorixa castanea","Hesperocorixa castanea","(Thomson, 1869) "
,"Hesperocorixa moesta","Hesperocorixa moesta (Fieber, 1848)","4485385","EXACT","99","ACCEPTED","SPECIES","Animalia","Arthropoda","Insecta","Hemiptera","Corixidae","Hesperocorixa","Hesperocorixa moesta","Hesperocorixa moesta","(Fieber, 1848) "
,"Hydrometra gracilenta","Hydrometra gracilenta Horváth, 1899","4485514","EXACT","99","ACCEPTED","SPECIES","Animalia","Arthropoda","Insecta","Hemiptera","Hydrometridae","Hydrometra","Hydrometra gracilenta","Hydrometra gracilenta","Horváth, 1899"
,"Mesovelia furcata","Mesovelia furcata Mulsant & Rey, 1852","2012232","EXACT","99","ACCEPTED","SPECIES","Animalia","Arthropoda","Insecta","Hemiptera","Mesoveliidae","Mesovelia","Mesovelia furcata","Mesovelia furcata","Mulsant & Rey, 1852"
,"Microvelia pygmaea","Microvelia pygmaea (Dufour, 1833)","4485323","EXACT","99","ACCEPTED","SPECIES","Animalia","Arthropoda","Insecta","Hemiptera","Veliidae","Microvelia","Microvelia pygmaea","Microvelia pygmaea","(Dufour, 1833) "
,"Microvelia umbricola","Microvelia umbricola Wroblewsky, 1938","6096810","EXACT","98","SYNONYM","SPECIES","Animalia","Arthropoda","Insecta","Hemiptera","Veliidae","Microvelia","Microvelia buenoi","Microvelia umbricola","Wroblewsky, 1938"
,"Notonecta obliqua","Notonecta obliqua Gallen, 1787","10728437","EXACT","98","ACCEPTED","SPECIES","Animalia","Arthropoda","Insecta","Hemiptera","Notonectidae","Notonecta","Notonecta obliqua","Notonecta obliqua","Gallen, 1787"
,"Sigara fossarum","Sigara fossarum (Leach, 1817)","4485413","EXACT","99","ACCEPTED","SPECIES","Animalia","Arthropoda","Insecta","Hemiptera","Corixidae","Sigara","Sigara fossarum","Sigara fossarum","(Leach, 1817) "
,"Sigara scotti","Sigara scotti (Douglas & Scott, 1868)","4485406","EXACT","97","ACCEPTED","SPECIES","Animalia","Arthropoda","Insecta","Hemiptera","Corixidae","Sigara","Sigara scotti","Sigara scotti","(Douglas & Scott, 1868) "
,"Sigara selecta","Sigara selecta (Fieber, 1848)","4485454","EXACT","99","ACCEPTED","SPECIES","Animalia","Arthropoda","Insecta","Hemiptera","Corixidae","Sigara","Sigara selecta","Sigara selecta","(Fieber, 1848) "
,"Sigara stagnalis","Sigara stagnalis (Leach, 1817)","4485450","EXACT","99","ACCEPTED","SPECIES","Animalia","Arthropoda","Insecta","Hemiptera","Corixidae","Sigara","Sigara stagnalis","Sigara stagnalis","(Leach, 1817) "
,"Velia caprai","Velia caprai Tamanini, 1947","4485351","EXACT","99","ACCEPTED","SPECIES","Animalia","Arthropoda","Insecta","Hemiptera","Veliidae","Velia","Velia caprai","Velia caprai","Tamanini, 1947"
,"Corixa dentipes","Corixa dentipes (Thomson, 1869)","5156066","EXACT","99","ACCEPTED","SPECIES","Animalia","Arthropoda","Insecta","Hemiptera","Corixidae","Corixa","Corixa dentipes","Corixa dentipes","(Thomson, 1869) "
,"Corixa panzeri","Corixa panzeri Fieber, 1848","5156065","EXACT","99","ACCEPTED","SPECIES","Animalia","Arthropoda","Insecta","Hemiptera","Corixidae","Corixa","Corixa panzeri","Corixa panzeri","Fieber, 1848"
,"Alytes obstetricans","Alytes obstetricans (Laurenti, 1768)","2426612","EXACT","99","ACCEPTED","SPECIES","Animalia","Chordata","Amphibia","Anura","Alytidae","Alytes","Alytes obstetricans","Alytes obstetricans","(Laurenti, 1768) "
,"Rana arvalis","Rana arvalis Nilsson, 1842","2426789","EXACT","99","ACCEPTED","SPECIES","Animalia","Chordata","Amphibia","Anura","Ranidae","Rana","Rana arvalis","Rana arvalis","Nilsson, 1842"
,"Salamandra salamandra","Salamandra salamandra (Linnaeus, 1758)","2431776","EXACT","99","ACCEPTED","SPECIES","Animalia","Chordata","Amphibia","Caudata","Salamandridae","Salamandra","Salamandra salamandra","Salamandra salamandra","(Linnaeus, 1758) "
,"Triturus cristatus","Triturus cristatus (Laurenti, 1768)","2431885","EXACT","99","ACCEPTED","SPECIES","Animalia","Chordata","Amphibia","Caudata","Salamandridae","Triturus","Triturus cristatus","Triturus cristatus","(Laurenti, 1768) "
,"Bufo calamita","Bufo calamita Laurenti, 1768","5216775","EXACT","97","SYNONYM","SPECIES","Animalia","Chordata","Amphibia","Anura","Bufonidae","Epidalea","Epidalea calamita","Bufo calamita","Laurenti, 1768"
,"Hyla arborea","Hyla arborea (Linnaeus, 1758)","2427573","EXACT","99","ACCEPTED","SPECIES","Animalia","Chordata","Amphibia","Anura","Hylidae","Hyla","Hyla arborea","Hyla arborea","(Linnaeus, 1758) "
,"Pelobates fuscus","Pelobates fuscus (Laurenti, 1768)","2430567","EXACT","99","ACCEPTED","SPECIES","Animalia","Chordata","Amphibia","Anura","Pelobatidae","Pelobates","Pelobates fuscus","Pelobates fuscus","(Laurenti, 1768) "
,"Ixobrychus minutus","Ixobrychus minutus (Linnaeus, 1766)","2480850","EXACT","99","ACCEPTED","SPECIES","Animalia","Chordata","Aves","Pelecaniformes","Ardeidae","Ixobrychus","Ixobrychus minutus","Ixobrychus minutus","(Linnaeus, 1766) "
,"Jynx torquilla","Jynx torquilla Linnaeus, 1758","8012314","EXACT","99","ACCEPTED","SPECIES","Animalia","Chordata","Aves","Piciformes","Picidae","Jynx","Jynx torquilla","Jynx torquilla","Linnaeus, 1758"
,"Lanius collurio","Lanius collurio Linnaeus, 1758","7745240","EXACT","99","ACCEPTED","SPECIES","Animalia","Chordata","Aves","Passeriformes","Laniidae","Lanius","Lanius collurio","Lanius collurio","Linnaeus, 1758"
,"Lanius excubitor","Lanius excubitor Linnaeus, 1758","9444556","EXACT","99","ACCEPTED","SPECIES","Animalia","Chordata","Aves","Passeriformes","Laniidae","Lanius","Lanius excubitor","Lanius excubitor","Linnaeus, 1758"
,"Alauda arvensis","Alauda arvensis Linnaeus, 1758","8077224","EXACT","99","ACCEPTED","SPECIES","Animalia","Chordata","Aves","Passeriformes","Alaudidae","Alauda","Alauda arvensis","Alauda arvensis","Linnaeus, 1758"
,"Larus fuscus","Larus fuscus Linnaeus, 1758","2481174","EXACT","99","ACCEPTED","SPECIES","Animalia","Chordata","Aves","Charadriiformes","Laridae","Larus","Larus fuscus","Larus fuscus","Linnaeus, 1758"
,"Locustella luscinioides","Locustella luscinioides (Savi, 1824)","2493551","EXACT","99","ACCEPTED","SPECIES","Animalia","Chordata","Aves","Passeriformes","Locustellidae","Locustella","Locustella luscinioides","Locustella luscinioides","(Savi, 1824) "
,"Lullula arborea","Lullula arborea (Linnaeus, 1758)","2490604","EXACT","99","ACCEPTED","SPECIES","Animalia","Chordata","Aves","Passeriformes","Alaudidae","Lullula","Lullula arborea","Lullula arborea","(Linnaeus, 1758) "
,"Luscinia megarhynchos","Luscinia megarhynchos C.L.Brehm, 1831","7660710","EXACT","99","ACCEPTED","SPECIES","Animalia","Chordata","Aves","Passeriformes","Muscicapidae","Luscinia","Luscinia megarhynchos","Luscinia megarhynchos","C.L.Brehm, 1831"
,"Oenanthe oenanthe","Oenanthe oenanthe (Linnaeus, 1758)","5231240","EXACT","99","ACCEPTED","SPECIES","Animalia","Chordata","Aves","Passeriformes","Muscicapidae","Oenanthe","Oenanthe oenanthe","Oenanthe oenanthe","(Linnaeus, 1758) "
,"Oriolus oriolus","Oriolus oriolus (Linnaeus, 1758)","2488949","EXACT","99","ACCEPTED","SPECIES","Animalia","Chordata","Aves","Passeriformes","Oriolidae","Oriolus","Oriolus oriolus","Oriolus oriolus","(Linnaeus, 1758) "
,"Parus montanus","Parus montanus Conrad von Baldenstein, 1827","4409010","EXACT","99","ACCEPTED","SPECIES","Animalia","Chordata","Aves","Passeriformes","Paridae","Parus","Parus montanus","Parus montanus","Conrad von Baldenstein, 1827"
,"Perdix perdix","Perdix perdix (Linnaeus, 1758)","2473958","EXACT","99","ACCEPTED","SPECIES","Animalia","Chordata","Aves","Galliformes","Phasianidae","Perdix","Perdix perdix","Perdix perdix","(Linnaeus, 1758) "
,"Phoenicurus phoenicurus","Phoenicurus phoenicurus (Linnaeus, 1758)","5739317","EXACT","99","ACCEPTED","SPECIES","Animalia","Chordata","Aves","Passeriformes","Muscicapidae","Phoenicurus","Phoenicurus phoenicurus","Phoenicurus phoenicurus","(Linnaeus, 1758) "
,"Porzana porzana","Porzana porzana (Linnaeus, 1766)","2474621","EXACT","99","ACCEPTED","SPECIES","Animalia","Chordata","Aves","Gruiformes","Rallidae","Porzana","Porzana porzana","Porzana porzana","(Linnaeus, 1766) "
,"Pyrrhula pyrrhula","Pyrrhula pyrrhula (Linnaeus, 1758)","2494543","EXACT","99","ACCEPTED","SPECIES","Animalia","Chordata","Aves","Passeriformes","Fringillidae","Pyrrhula","Pyrrhula pyrrhula","Pyrrhula pyrrhula","(Linnaeus, 1758) "
,"Recurvirostra avosetta","Recurvirostra avosetta Linnaeus, 1758","2480259","EXACT","99","ACCEPTED","SPECIES","Animalia","Chordata","Aves","Charadriiformes","Recurvirostridae","Recurvirostra","Recurvirostra avosetta","Recurvirostra avosetta","Linnaeus, 1758"
,"Saxicola rubetra","Saxicola rubetra (Linnaeus, 1758)","2492521","EXACT","99","ACCEPTED","SPECIES","Animalia","Chordata","Aves","Passeriformes","Muscicapidae","Saxicola","Saxicola rubetra","Saxicola rubetra","(Linnaeus, 1758) "
,"Sterna albifrons","Sterna albifrons Pallas, 1764","5229215","EXACT","98","SYNONYM","SPECIES","Animalia","Chordata","Aves","Charadriiformes","Laridae","Sternula","Sternula albifrons","Sterna albifrons","Pallas, 1764"
,"Sterna hirundo","Sterna hirundo Linnaeus, 1758","9367409","EXACT","99","ACCEPTED","SPECIES","Animalia","Chordata","Aves","Charadriiformes","Laridae","Sterna","Sterna hirundo","Sterna hirundo","Linnaeus, 1758"
,"Sterna sandvicensis","Sterna sandvicensis Latham, 1787","5229223","EXACT","98","SYNONYM","SPECIES","Animalia","Chordata","Aves","Charadriiformes","Laridae","Thalasseus","Thalasseus sandvicensis","Sterna sandvicensis","Latham, 1787"
,"Streptopelia turtur","Streptopelia turtur (Linnaeus, 1758)","2495708","EXACT","99","ACCEPTED","SPECIES","Animalia","Chordata","Aves","Columbiformes","Columbidae","Streptopelia","Streptopelia turtur","Streptopelia turtur","(Linnaeus, 1758) "
,"Anas querquedula","Anas querquedula Linnaeus, 1758","2498083","EXACT","99","ACCEPTED","SPECIES","Animalia","Chordata","Aves","Anseriformes","Anatidae","Anas","Anas querquedula","Anas querquedula","Linnaeus, 1758"
,"Tringa totanus","Tringa totanus (Linnaeus, 1758)","2481714","EXACT","99","ACCEPTED","SPECIES","Animalia","Chordata","Aves","Charadriiformes","Scolopacidae","Tringa","Tringa totanus","Tringa totanus","(Linnaeus, 1758) "
,"Turdus pilaris","Turdus pilaris Linnaeus, 1758","2490737","EXACT","99","ACCEPTED","SPECIES","Animalia","Chordata","Aves","Passeriformes","Turdidae","Turdus","Turdus pilaris","Turdus pilaris","Linnaeus, 1758"
,"Anthus pratensis","Anthus pratensis (Linnaeus, 1758)","2490266","EXACT","99","ACCEPTED","SPECIES","Animalia","Chordata","Aves","Passeriformes","Motacillidae","Anthus","Anthus pratensis","Anthus pratensis","(Linnaeus, 1758) "
,"Anthus trivialis","Anthus trivialis (Linnaeus, 1758)","2490246","EXACT","99","ACCEPTED","SPECIES","Animalia","Chordata","Aves","Passeriformes","Motacillidae","Anthus","Anthus trivialis","Anthus trivialis","(Linnaeus, 1758) "
,"Acrocephalus arundinaceus","Acrocephalus arundinaceus (Linnaeus, 1758)","2493128","EXACT","98","ACCEPTED","SPECIES","Animalia","Chordata","Aves","Passeriformes","Acrocephalidae","Acrocephalus","Acrocephalus arundinaceus","Acrocephalus arundinaceus","(Linnaeus, 1758) "
,"Botaurus stellaris","Botaurus stellaris (Linnaeus, 1758)","2480910","EXACT","99","ACCEPTED","SPECIES","Animalia","Chordata","Aves","Pelecaniformes","Ardeidae","Botaurus","Botaurus stellaris","Botaurus stellaris","(Linnaeus, 1758) "
,"Caprimulgus europaeus","Caprimulgus europaeus Linnaeus, 1758","8109681","EXACT","99","ACCEPTED","SPECIES","Animalia","Chordata","Aves","Caprimulgiformes","Caprimulgidae","Caprimulgus","Caprimulgus europaeus","Caprimulgus europaeus","Linnaeus, 1758"
,"Acrocephalus schoenobaenus","Acrocephalus schoenobaenus (Linnaeus, 1758)","2493129","EXACT","99","ACCEPTED","SPECIES","Animalia","Chordata","Aves","Passeriformes","Acrocephalidae","Acrocephalus","Acrocephalus schoenobaenus","Acrocephalus schoenobaenus","(Linnaeus, 1758) "
,"Charadrius alexandrinus","Charadrius alexandrinus Linnaeus, 1758","2480311","EXACT","99","ACCEPTED","SPECIES","Animalia","Chordata","Aves","Charadriiformes","Charadriidae","Charadrius","Charadrius alexandrinus","Charadrius alexandrinus","Linnaeus, 1758"
,"Circus pygargus","Circus pygargus (Linnaeus, 1758)","2480495","EXACT","99","ACCEPTED","SPECIES","Animalia","Chordata","Aves","Accipitriformes","Accipitridae","Circus","Circus pygargus","Circus pygargus","(Linnaeus, 1758) "
,"Crex crex","Crex crex (Linnaeus, 1758)","4408498","EXACT","99","ACCEPTED","SPECIES","Animalia","Chordata","Aves","Gruiformes","Rallidae","Crex","Crex crex","Crex crex","(Linnaeus, 1758) "
,"Delichon urbica","Delichon urbica (Linnaeus, 1758)","2489215","EXACT","98","SYNONYM","SPECIES","Animalia","Chordata","Aves","Passeriformes","Hirundinidae","Delichon","Delichon urbicum","Delichon urbica","(Linnaeus, 1758) "
,"Miliaria calandra","Miliaria calandra (Linnaeus, 1758)","2491506","EXACT","98","SYNONYM","SPECIES","Animalia","Chordata","Aves","Passeriformes","Emberizidae","Emberiza","Emberiza calandra","Miliaria calandra","(Linnaeus, 1758) "
,"Emberiza citrinella","Emberiza citrinella Linnaeus, 1758","2491534","EXACT","99","ACCEPTED","SPECIES","Animalia","Chordata","Aves","Passeriformes","Emberizidae","Emberiza","Emberiza citrinella","Emberiza citrinella","Linnaeus, 1758"
,"Emberiza schoeniclus","Emberiza schoeniclus (Linnaeus, 1758)","2491557","EXACT","99","ACCEPTED","SPECIES","Animalia","Chordata","Aves","Passeriformes","Emberizidae","Emberiza","Emberiza schoeniclus","Emberiza schoeniclus","(Linnaeus, 1758) "
,"Galerida cristata","Galerida cristata (Linnaeus, 1758)","2490669","EXACT","99","ACCEPTED","SPECIES","Animalia","Chordata","Aves","Passeriformes","Alaudidae","Galerida","Galerida cristata","Galerida cristata","(Linnaeus, 1758) "
,"Gallinago gallinago","Gallinago gallinago (Linnaeus, 1758)","2481819","EXACT","99","ACCEPTED","SPECIES","Animalia","Chordata","Aves","Charadriiformes","Scolopacidae","Gallinago","Gallinago gallinago","Gallinago gallinago","(Linnaeus, 1758) "
,"Aegithalos caudatus","Aegithalos caudatus (Linnaeus, 1758)","2495000","EXACT","97","DOUBTFUL","SPECIES","Animalia","Chordata","Aves","Passeriformes","Aegithalidae","Aegithalos","Aegithalos caudatus","Aegithalos caudatus","(Linnaeus, 1758) "
,"Galerida cristata","Galerida cristata (Linnaeus, 1758)","2490669","EXACT","99","ACCEPTED","SPECIES","Animalia","Chordata","Aves","Passeriformes","Alaudidae","Galerida","Galerida cristata","Galerida cristata","(Linnaeus, 1758) "
,"Gallinago gallinago","Gallinago gallinago (Linnaeus, 1758)","2481819","EXACT","99","ACCEPTED","SPECIES","Animalia","Chordata","Aves","Charadriiformes","Scolopacidae","Gallinago","Gallinago gallinago","Gallinago gallinago","(Linnaeus, 1758) "
,"Himantopus himantopus","Himantopus himantopus (Linnaeus, 1758)","5229126","EXACT","99","ACCEPTED","SPECIES","Animalia","Chordata","Aves","Charadriiformes","Recurvirostridae","Himantopus","Himantopus himantopus","Himantopus himantopus","(Linnaeus, 1758) "
,"Hirundo rustica","Hirundo rustica Linnaeus, 1758","9515886","EXACT","99","ACCEPTED","SPECIES","Animalia","Chordata","Aves","Passeriformes","Hirundinidae","Hirundo","Hirundo rustica","Hirundo rustica","Linnaeus, 1758"
,"Ixobrychus minutus","Ixobrychus minutus (Linnaeus, 1766)","2480850","EXACT","99","ACCEPTED","SPECIES","Animalia","Chordata","Aves","Pelecaniformes","Ardeidae","Ixobrychus","Ixobrychus minutus","Ixobrychus minutus","(Linnaeus, 1766) "
,"Jynx torquilla","Jynx torquilla Linnaeus, 1758","8012314","EXACT","99","ACCEPTED","SPECIES","Animalia","Chordata","Aves","Piciformes","Picidae","Jynx","Jynx torquilla","Jynx torquilla","Linnaeus, 1758"
,"Lanius collurio","Lanius collurio Linnaeus, 1758","7745240","EXACT","99","ACCEPTED","SPECIES","Animalia","Chordata","Aves","Passeriformes","Laniidae","Lanius","Lanius collurio","Lanius collurio","Linnaeus, 1758"
,"Larus canus","Larus canus Linnaeus, 1758","7982160","EXACT","99","ACCEPTED","SPECIES","Animalia","Chordata","Aves","Charadriiformes","Laridae","Larus","Larus canus","Larus canus","Linnaeus, 1758"
,"Larus melanocephalus","Larus melanocephalus Temminck, 1820","2481194","EXACT","98","SYNONYM","SPECIES","Animalia","Chordata","Aves","Charadriiformes","Laridae","Ichthyaetus","Ichthyaetus melanocephalus","Larus melanocephalus","Temminck, 1820"
,"Larus ridibundus","Larus ridibundus Linnaeus, 1766","2481137","EXACT","98","SYNONYM","SPECIES","Animalia","Chordata","Aves","Charadriiformes","Laridae","Chroicocephalus","Chroicocephalus ridibundus","Larus ridibundus","Linnaeus, 1766"
,"Limosa limosa","Limosa limosa (Linnaeus, 1758)","2481685","EXACT","99","ACCEPTED","SPECIES","Animalia","Chordata","Aves","Charadriiformes","Scolopacidae","Limosa","Limosa limosa","Limosa limosa","(Linnaeus, 1758) "
,"Locustella luscinioides","Locustella luscinioides (Savi, 1824)","2493551","EXACT","99","ACCEPTED","SPECIES","Animalia","Chordata","Aves","Passeriformes","Locustellidae","Locustella","Locustella luscinioides","Locustella luscinioides","(Savi, 1824) "
,"Loxia curvirostra","Loxia curvirostra Linnaeus, 1758","9629160","EXACT","99","ACCEPTED","SPECIES","Animalia","Chordata","Aves","Passeriformes","Fringillidae","Loxia","Loxia curvirostra","Loxia curvirostra","Linnaeus, 1758"
,"Alauda arvensis","Alauda arvensis Linnaeus, 1758","8077224","EXACT","99","ACCEPTED","SPECIES","Animalia","Chordata","Aves","Passeriformes","Alaudidae","Alauda","Alauda arvensis","Alauda arvensis","Linnaeus, 1758"
,"Luscinia megarhynchos","Luscinia megarhynchos C.L.Brehm, 1831","7660710","EXACT","99","ACCEPTED","SPECIES","Animalia","Chordata","Aves","Passeriformes","Muscicapidae","Luscinia","Luscinia megarhynchos","Luscinia megarhynchos","C.L.Brehm, 1831"
,"Alcedo atthis","Alcedo atthis (Linnaeus, 1758)","2475532","EXACT","99","ACCEPTED","SPECIES","Animalia","Chordata","Aves","Coraciiformes","Alcedinidae","Alcedo","Alcedo atthis","Alcedo atthis","(Linnaeus, 1758) "
,"Numenius arquata","Numenius arquata (Linnaeus, 1758)","2481792","EXACT","99","ACCEPTED","SPECIES","Animalia","Chordata","Aves","Charadriiformes","Scolopacidae","Numenius","Numenius arquata","Numenius arquata","(Linnaeus, 1758) "
,"Oenanthe oenanthe","Oenanthe oenanthe (Linnaeus, 1758)","5231240","EXACT","99","ACCEPTED","SPECIES","Animalia","Chordata","Aves","Passeriformes","Muscicapidae","Oenanthe","Oenanthe oenanthe","Oenanthe oenanthe","(Linnaeus, 1758) "
,"Oriolus oriolus","Oriolus oriolus (Linnaeus, 1758)","2488949","EXACT","99","ACCEPTED","SPECIES","Animalia","Chordata","Aves","Passeriformes","Oriolidae","Oriolus","Oriolus oriolus","Oriolus oriolus","(Linnaeus, 1758) "
,"Panurus biarmicus","Panurus biarmicus (Linnaeus, 1758)","2493367","EXACT","99","ACCEPTED","SPECIES","Animalia","Chordata","Aves","Passeriformes","Panuridae","Panurus","Panurus biarmicus","Panurus biarmicus","(Linnaeus, 1758) "
,"Parus montanus","Parus montanus Conrad von Baldenstein, 1827","4409010","EXACT","99","ACCEPTED","SPECIES","Animalia","Chordata","Aves","Passeriformes","Paridae","Parus","Parus montanus","Parus montanus","Conrad von Baldenstein, 1827"
,"Passer domesticus","Passer domesticus (Linnaeus, 1758)","5231190","EXACT","99","ACCEPTED","SPECIES","Animalia","Chordata","Aves","Passeriformes","Passeridae","Passer","Passer domesticus","Passer domesticus","(Linnaeus, 1758) "
,"Passer montanus","Passer montanus (Linnaeus, 1758)","5231198","EXACT","99","ACCEPTED","SPECIES","Animalia","Chordata","Aves","Passeriformes","Passeridae","Passer","Passer montanus","Passer montanus","(Linnaeus, 1758) "
,"Perdix perdix","Perdix perdix (Linnaeus, 1758)","2473958","EXACT","99","ACCEPTED","SPECIES","Animalia","Chordata","Aves","Galliformes","Phasianidae","Perdix","Perdix perdix","Perdix perdix","(Linnaeus, 1758) "
,"Philomachus pugnax","Philomachus pugnax (Linnaeus, 1758)","5229387","EXACT","99","ACCEPTED","SPECIES","Animalia","Chordata","Aves","Charadriiformes","Scolopacidae","Philomachus","Philomachus pugnax","Philomachus pugnax","(Linnaeus, 1758) "
,"Phylloscopus sibilatrix","Phylloscopus sibilatrix (Bechstein, 1793)","2493058","EXACT","98","SYNONYM","SPECIES","Animalia","Chordata","Aves","Passeriformes","Phylloscopidae","Phylloscopus","Phylloscopus sibillatrix","Phylloscopus sibilatrix","(Bechstein, 1793) "
,"Phylloscopus trochilus","Phylloscopus trochilus (Linnaeus, 1758)","2493052","EXACT","99","ACCEPTED","SPECIES","Animalia","Chordata","Aves","Passeriformes","Phylloscopidae","Phylloscopus","Phylloscopus trochilus","Phylloscopus trochilus","(Linnaeus, 1758) "
,"Platalea leucorodia","Platalea leucorodia Linnaeus, 1758","2480801","EXACT","99","ACCEPTED","SPECIES","Animalia","Chordata","Aves","Pelecaniformes","Threskiornithidae","Platalea","Platalea leucorodia","Platalea leucorodia","Linnaeus, 1758"
,"Podiceps nigricollis","Podiceps nigricollis C.L.Brehm, 1831","2482065","EXACT","99","ACCEPTED","SPECIES","Animalia","Chordata","Aves","Podicipediformes","Podicipedidae","Podiceps","Podiceps nigricollis","Podiceps nigricollis","C.L.Brehm, 1831"
,"Porzana porzana","Porzana porzana (Linnaeus, 1766)","2474621","EXACT","99","ACCEPTED","SPECIES","Animalia","Chordata","Aves","Gruiformes","Rallidae","Porzana","Porzana porzana","Porzana porzana","(Linnaeus, 1766) "
,"Recurvirostra avosetta","Recurvirostra avosetta Linnaeus, 1758","2480259","EXACT","99","ACCEPTED","SPECIES","Animalia","Chordata","Aves","Charadriiformes","Recurvirostridae","Recurvirostra","Recurvirostra avosetta","Recurvirostra avosetta","Linnaeus, 1758"
,"Regulus regulus","Regulus regulus (Linnaeus, 1758)","2484596","EXACT","99","ACCEPTED","SPECIES","Animalia","Chordata","Aves","Passeriformes","Regulidae","Regulus","Regulus regulus","Regulus regulus","(Linnaeus, 1758) "
,"Remiz pendulinus","Remiz pendulinus (Linnaeus, 1758)","2487385","EXACT","99","ACCEPTED","SPECIES","Animalia","Chordata","Aves","Passeriformes","Remizidae","Remiz","Remiz pendulinus","Remiz pendulinus","(Linnaeus, 1758) "
,"Saxicola rubetra","Saxicola rubetra (Linnaeus, 1758)","2492521","EXACT","99","ACCEPTED","SPECIES","Animalia","Chordata","Aves","Passeriformes","Muscicapidae","Saxicola","Saxicola rubetra","Saxicola rubetra","(Linnaeus, 1758) "
,"Serinus serinus","Serinus serinus (Linnaeus, 1766)","2494200","EXACT","99","ACCEPTED","SPECIES","Animalia","Chordata","Aves","Passeriformes","Fringillidae","Serinus","Serinus serinus","Serinus serinus","(Linnaeus, 1766) "
,"Sterna albifrons","Sterna albifrons Pallas, 1764","5229215","EXACT","98","SYNONYM","SPECIES","Animalia","Chordata","Aves","Charadriiformes","Laridae","Sternula","Sternula albifrons","Sterna albifrons","Pallas, 1764"
,"Sterna hirundo","Sterna hirundo Linnaeus, 1758","9367409","EXACT","99","ACCEPTED","SPECIES","Animalia","Chordata","Aves","Charadriiformes","Laridae","Sterna","Sterna hirundo","Sterna hirundo","Linnaeus, 1758"
,"Sterna sandvicensis","Sterna sandvicensis Latham, 1787","5229223","EXACT","98","SYNONYM","SPECIES","Animalia","Chordata","Aves","Charadriiformes","Laridae","Thalasseus","Thalasseus sandvicensis","Sterna sandvicensis","Latham, 1787"
,"Streptopelia turtur","Streptopelia turtur (Linnaeus, 1758)","2495708","EXACT","99","ACCEPTED","SPECIES","Animalia","Chordata","Aves","Columbiformes","Columbidae","Streptopelia","Streptopelia turtur","Streptopelia turtur","(Linnaeus, 1758) "
,"Tringa totanus","Tringa totanus (Linnaeus, 1758)","2481714","EXACT","99","ACCEPTED","SPECIES","Animalia","Chordata","Aves","Charadriiformes","Scolopacidae","Tringa","Tringa totanus","Tringa totanus","(Linnaeus, 1758) "
,"Turdus pilaris","Turdus pilaris Linnaeus, 1758","2490737","EXACT","99","ACCEPTED","SPECIES","Animalia","Chordata","Aves","Passeriformes","Turdidae","Turdus","Turdus pilaris","Turdus pilaris","Linnaeus, 1758"
,"Vanellus vanellus","Vanellus vanellus (Linnaeus, 1758)","2480242","EXACT","99","ACCEPTED","SPECIES","Animalia","Chordata","Aves","Charadriiformes","Charadriidae","Vanellus","Vanellus vanellus","Vanellus vanellus","(Linnaeus, 1758) "
,"Anas querquedula","Anas querquedula Linnaeus, 1758","2498083","EXACT","99","ACCEPTED","SPECIES","Animalia","Chordata","Aves","Anseriformes","Anatidae","Anas","Anas querquedula","Anas querquedula","Linnaeus, 1758"
,"Anthus pratensis","Anthus pratensis (Linnaeus, 1758)","2490266","EXACT","99","ACCEPTED","SPECIES","Animalia","Chordata","Aves","Passeriformes","Motacillidae","Anthus","Anthus pratensis","Anthus pratensis","(Linnaeus, 1758) "
,"Botaurus stellaris","Botaurus stellaris (Linnaeus, 1758)","2480910","EXACT","99","ACCEPTED","SPECIES","Animalia","Chordata","Aves","Pelecaniformes","Ardeidae","Botaurus","Botaurus stellaris","Botaurus stellaris","(Linnaeus, 1758) "
,"Carduelis cannabina","Carduelis cannabina (Linnaeus, 1758)","2494708","EXACT","98","SYNONYM","SPECIES","Animalia","Chordata","Aves","Passeriformes","Fringillidae","Linaria","Linaria cannabina","Carduelis cannabina","(Linnaeus, 1758) "
,"Acrocephalus arundinaceus","Acrocephalus arundinaceus (Linnaeus, 1758)","2493128","EXACT","98","ACCEPTED","SPECIES","Animalia","Chordata","Aves","Passeriformes","Acrocephalidae","Acrocephalus","Acrocephalus arundinaceus","Acrocephalus arundinaceus","(Linnaeus, 1758) "
,"Carduelis flammea","Carduelis flammea (Linnaeus, 1758)","2494622","EXACT","98","SYNONYM","SPECIES","Animalia","Chordata","Aves","Passeriformes","Fringillidae","Acanthis","Acanthis flammea","Carduelis flammea","(Linnaeus, 1758) "
,"Certhia familiaris","Certhia familiaris Linnaeus, 1758","2487603","EXACT","99","ACCEPTED","SPECIES","Animalia","Chordata","Aves","Passeriformes","Certhiidae","Certhia","Certhia familiaris","Certhia familiaris","Linnaeus, 1758"
,"Charadrius alexandrinus","Charadrius alexandrinus Linnaeus, 1758","2480311","EXACT","99","ACCEPTED","SPECIES","Animalia","Chordata","Aves","Charadriiformes","Charadriidae","Charadrius","Charadrius alexandrinus","Charadrius alexandrinus","Linnaeus, 1758"
,"Charadrius dubius","Charadrius dubius Scopoli, 1786","7937336","EXACT","99","ACCEPTED","SPECIES","Animalia","Chordata","Aves","Charadriiformes","Charadriidae","Charadrius","Charadrius dubius","Charadrius dubius","Scopoli, 1786"
,"Charadrius hiaticula","Charadrius hiaticula Linnaeus, 1758","9566659","EXACT","99","ACCEPTED","SPECIES","Animalia","Chordata","Aves","Charadriiformes","Charadriidae","Charadrius","Charadrius hiaticula","Charadrius hiaticula","Linnaeus, 1758"
,"Ciconia ciconia","Ciconia ciconia (Linnaeus, 1758)","2481912","EXACT","99","ACCEPTED","SPECIES","Animalia","Chordata","Aves","Ciconiiformes","Ciconiidae","Ciconia","Ciconia ciconia","Ciconia ciconia","(Linnaeus, 1758) "
,"Circus aeruginosus","Circus aeruginosus (Linnaeus, 1758)","2480482","EXACT","99","ACCEPTED","SPECIES","Animalia","Chordata","Aves","Accipitriformes","Accipitridae","Circus","Circus aeruginosus","Circus aeruginosus","(Linnaeus, 1758) "
,"Circus pygargus","Circus pygargus (Linnaeus, 1758)","2480495","EXACT","99","ACCEPTED","SPECIES","Animalia","Chordata","Aves","Accipitriformes","Accipitridae","Circus","Circus pygargus","Circus pygargus","(Linnaeus, 1758) "
,"Cisticola juncidis","Cisticola juncidis (Rafinesque, 1810)","2492822","EXACT","99","ACCEPTED","SPECIES","Animalia","Chordata","Aves","Passeriformes","Cisticolidae","Cisticola","Cisticola juncidis","Cisticola juncidis","(Rafinesque, 1810) "
,"Crex crex","Crex crex (Linnaeus, 1758)","4408498","EXACT","99","ACCEPTED","SPECIES","Animalia","Chordata","Aves","Gruiformes","Rallidae","Crex","Crex crex","Crex crex","(Linnaeus, 1758) "
,"Egretta garzetta","Egretta garzetta (Linnaeus, 1766)","2480876","EXACT","99","ACCEPTED","SPECIES","Animalia","Chordata","Aves","Pelecaniformes","Ardeidae","Egretta","Egretta garzetta","Egretta garzetta","(Linnaeus, 1766) "
,"Emberiza calandra","Emberiza calandra Linnaeus, 1758","7634625","EXACT","97","ACCEPTED","SPECIES","Animalia","Chordata","Aves","Passeriformes","Emberizidae","Emberiza","Emberiza calandra","Emberiza calandra","Linnaeus, 1758"
,"Falco peregrinus","Falco peregrinus Tunstall, 1771","2481047","EXACT","99","ACCEPTED","SPECIES","Animalia","Chordata","Aves","Falconiformes","Falconidae","Falco","Falco peregrinus","Falco peregrinus","Tunstall, 1771"
,"Argynnis paphia","Argynnis paphia (Linnaeus, 1758)","1909398","EXACT","99","ACCEPTED","SPECIES","Animalia","Arthropoda","Insecta","Lepidoptera","Nymphalidae","Argynnis","Argynnis paphia","Argynnis paphia","(Linnaeus, 1758) "
,"Aricia agestis","Aricia agestis (Denis & Schiffermüller), 1775","1933095","EXACT","99","ACCEPTED","SPECIES","Animalia","Arthropoda","Insecta","Lepidoptera","Lycaenidae","Aricia","Aricia agestis","Aricia agestis","(Denis & Schiffermüller) , 1775"
,"Boloria selene","Boloria selene (Denis & Schiffermüller), 1775","1912325","EXACT","99","ACCEPTED","SPECIES","Animalia","Arthropoda","Insecta","Lepidoptera","Nymphalidae","Boloria","Boloria selene","Boloria selene","(Denis & Schiffermüller) , 1775"
,"Callophrys rubi","Callophrys rubi (Linnaeus, 1758)","1932411","EXACT","99","ACCEPTED","SPECIES","Animalia","Arthropoda","Insecta","Lepidoptera","Lycaenidae","Callophrys","Callophrys rubi","Callophrys rubi","(Linnaeus, 1758) "
,"Carterocephalus palaemon","Carterocephalus palaemon (Pallas, 1771)","1947335","EXACT","99","ACCEPTED","SPECIES","Animalia","Arthropoda","Insecta","Lepidoptera","Hesperiidae","Carterocephalus","Carterocephalus palaemon","Carterocephalus palaemon","(Pallas, 1771) "
,"Coenonympha tullia","Coenonympha tullia Müller, 1764","1911112","EXACT","99","ACCEPTED","SPECIES","Animalia","Arthropoda","Insecta","Lepidoptera","Nymphalidae","Coenonympha","Coenonympha tullia","Coenonympha tullia","Müller, 1764"
,"Polyommatus semiargus","Polyommatus semiargus (Rottemburg, 1775)","5883560","EXACT","98","SYNONYM","SPECIES","Animalia","Arthropoda","Insecta","Lepidoptera","Lycaenidae","Cyaniris","Cyaniris semiargus","Polyommatus semiargus","(Rottemburg, 1775) "
,"Hesperia comma","Hesperia comma Linnaeus, 1758","7633472","EXACT","99","ACCEPTED","SPECIES","Animalia","Arthropoda","Insecta","Lepidoptera","Hesperiidae","Hesperia","Hesperia comma","Hesperia comma","Linnaeus, 1758"
,"Hipparchia semele","Hipparchia semele Linnaeus, 1758","8176911","EXACT","99","ACCEPTED","SPECIES","Animalia","Arthropoda","Insecta","Lepidoptera","Nymphalidae","Hipparchia","Hipparchia semele","Hipparchia semele","Linnaeus, 1758"
,"Issoria lathonia","Issoria lathonia (Linnaeus, 1758)","1905383","EXACT","99","ACCEPTED","SPECIES","Animalia","Arthropoda","Insecta","Lepidoptera","Nymphalidae","Issoria","Issoria lathonia","Issoria lathonia","(Linnaeus, 1758) "
,"Leptidea sinapis","Leptidea sinapis (Linnaeus, 1758)","5137903","EXACT","99","ACCEPTED","SPECIES","Animalia","Arthropoda","Insecta","Lepidoptera","Pieridae","Leptidea","Leptidea sinapis","Leptidea sinapis","(Linnaeus, 1758) "
,"Limenitis camilla","Nymphalidae","7017","HIGHERRANK","97","ACCEPTED","FAMILY","Animalia","Arthropoda","Insecta","Lepidoptera","Nymphalidae",,,"Nymphalidae",
,"Lycaena tityrus","Lycaena tityrus (Poda, 1761)","5882898","EXACT","98","SYNONYM","SPECIES","Animalia","Arthropoda","Insecta","Lepidoptera","Lycaenidae","Loweia","Loweia tityrus","Lycaena tityrus","(Poda, 1761) "
,"Apatura iris","Apatura iris (Linnaeus, 1758)","5131910","EXACT","99","ACCEPTED","SPECIES","Animalia","Arthropoda","Insecta","Lepidoptera","Nymphalidae","Apatura","Apatura iris","Apatura iris","(Linnaeus, 1758) "
,"Melitaea cinxia","Melitaea cinxia Linnaeus, 1758","8168644","EXACT","99","ACCEPTED","SPECIES","Animalia","Arthropoda","Insecta","Lepidoptera","Nymphalidae","Melitaea","Melitaea cinxia","Melitaea cinxia","Linnaeus, 1758"
,"Nymphalis polychloros","Nymphalis polychloros (Linnaeus, 1758)","7762841","EXACT","99","ACCEPTED","SPECIES","Animalia","Arthropoda","Insecta","Lepidoptera","Nymphalidae","Nymphalis","Nymphalis polychloros","Nymphalis polychloros","(Linnaeus, 1758) "
,"Maculinea alcon","Maculinea alcon (Denis & Schiffermüller), 1776","8016522","EXACT","99","ACCEPTED","SPECIES","Animalia","Arthropoda","Insecta","Lepidoptera","Lycaenidae","Maculinea","Maculinea alcon","Maculinea alcon","(Denis & Schiffermüller) , 1776"
,"Plebeius argus","Plebeius argus (Linnaeus, 1758)","5883220","EXACT","98","SYNONYM","SPECIES","Animalia","Arthropoda","Insecta","Lepidoptera","Lycaenidae","Plebejus","Plebejus argus","Plebeius argus","(Linnaeus, 1758) "
,"Pyrgus malvae","Pyrgus malvae (Linnaeus, 1758)","8109173","EXACT","99","ACCEPTED","SPECIES","Animalia","Arthropoda","Insecta","Lepidoptera","Hesperiidae","Pyrgus","Pyrgus malvae","Pyrgus malvae","(Linnaeus, 1758) "
,"Satyrium ilicis","Satyrium ilicis (Esper, 1779)","5882969","EXACT","98","SYNONYM","SPECIES","Animalia","Arthropoda","Insecta","Lepidoptera","Lycaenidae","Nordmannia","Nordmannia ilicis","Satyrium ilicis","(Esper, 1779) "
,"Thecla betulae","Thecla betulae (Linnaeus, 1758)","1930110","EXACT","99","ACCEPTED","SPECIES","Animalia","Arthropoda","Insecta","Lepidoptera","Lycaenidae","Thecla","Thecla betulae","Thecla betulae","(Linnaeus, 1758) "
,"Callophrys rubi","Callophrys rubi (Linnaeus, 1758)","1932411","EXACT","99","ACCEPTED","SPECIES","Animalia","Arthropoda","Insecta","Lepidoptera","Lycaenidae","Callophrys","Callophrys rubi","Callophrys rubi","(Linnaeus, 1758) "
,"Cyaniris semiargus","Cyaniris semiargus (von Rottemburg, 1775)","5139156","EXACT","97","ACCEPTED","SPECIES","Animalia","Arthropoda","Insecta","Lepidoptera","Lycaenidae","Cyaniris","Cyaniris semiargus","Cyaniris semiargus","(von Rottemburg, 1775) "
,"Erynnis tages","Erynnis tages (Linnaeus, 1758)","8270406","EXACT","99","ACCEPTED","SPECIES","Animalia","Arthropoda","Insecta","Lepidoptera","Hesperiidae","Erynnis","Erynnis tages","Erynnis tages","(Linnaeus, 1758) "
,"Hesperia comma","Hesperia comma Linnaeus, 1758","7633472","EXACT","99","ACCEPTED","SPECIES","Animalia","Arthropoda","Insecta","Lepidoptera","Hesperiidae","Hesperia","Hesperia comma","Hesperia comma","Linnaeus, 1758"
,"Hipparchia semele","Hipparchia semele Linnaeus, 1758","8176911","EXACT","99","ACCEPTED","SPECIES","Animalia","Arthropoda","Insecta","Lepidoptera","Nymphalidae","Hipparchia","Hipparchia semele","Hipparchia semele","Linnaeus, 1758"
,"Lasiommata megera","Lasiommata megera (Linnaeus, 1767)","4535632","EXACT","97","DOUBTFUL","SPECIES","Animalia","Arthropoda","Insecta","Lepidoptera","Nymphalidae","Pararge","Lasiommata megera","Lasiommata megera","(Linnaeus, 1767) "
,"Apatura iris","Apatura iris (Linnaeus, 1758)","5131910","EXACT","99","ACCEPTED","SPECIES","Animalia","Arthropoda","Insecta","Lepidoptera","Nymphalidae","Apatura","Apatura iris","Apatura iris","(Linnaeus, 1758) "
,"Lycaena tityrus","Lycaena tityrus (Poda, 1761)","5882898","EXACT","98","SYNONYM","SPECIES","Animalia","Arthropoda","Insecta","Lepidoptera","Lycaenidae","Loweia","Loweia tityrus","Lycaena tityrus","(Poda, 1761) "
,"Melitaea cinxia","Melitaea cinxia Linnaeus, 1758","8168644","EXACT","99","ACCEPTED","SPECIES","Animalia","Arthropoda","Insecta","Lepidoptera","Nymphalidae","Melitaea","Melitaea cinxia","Melitaea cinxia","Linnaeus, 1758"
,"Nymphalis antiopa","Nymphalis antiopa (Linnaeus, 1758)","5130682","EXACT","99","ACCEPTED","SPECIES","Animalia","Arthropoda","Insecta","Lepidoptera","Nymphalidae","Nymphalis","Nymphalis antiopa","Nymphalis antiopa","(Linnaeus, 1758) "
,"Nymphalis polychloros","Nymphalis polychloros (Linnaeus, 1758)","7762841","EXACT","99","ACCEPTED","SPECIES","Animalia","Arthropoda","Insecta","Lepidoptera","Nymphalidae","Nymphalis","Nymphalis polychloros","Nymphalis polychloros","(Linnaeus, 1758) "
,"Phengaris alcon","Phengaris alcon (Denis & Schiffermüller, 1775)","7459402","EXACT","98","SYNONYM","SPECIES","Animalia","Arthropoda","Insecta","Lepidoptera","Lycaenidae","Maculinea","Maculinea alcon","Phengaris alcon","(Denis & Schiffermüller, 1775) "
,"Plebejus argus","Plebejus argus (Linnaeus, 1758)","5138561","EXACT","99","ACCEPTED","SPECIES","Animalia","Arthropoda","Insecta","Lepidoptera","Lycaenidae","Plebejus","Plebejus argus","Plebejus argus","(Linnaeus, 1758) "
,"Pyrgus malvae","Pyrgus malvae (Linnaeus, 1758)","8109173","EXACT","99","ACCEPTED","SPECIES","Animalia","Arthropoda","Insecta","Lepidoptera","Hesperiidae","Pyrgus","Pyrgus malvae","Pyrgus malvae","(Linnaeus, 1758) "
,"Satyrium ilicis","Satyrium ilicis (Esper, 1779)","5882969","EXACT","98","SYNONYM","SPECIES","Animalia","Arthropoda","Insecta","Lepidoptera","Lycaenidae","Nordmannia","Nordmannia ilicis","Satyrium ilicis","(Esper, 1779) "
,"Satyrium w-album","Satyrium w-album (Knoch, 1782)","5882965","EXACT","99","ACCEPTED","SPECIES","Animalia","Arthropoda","Insecta","Lepidoptera","Lycaenidae","Satyrium","Satyrium w-album","Satyrium w-album","(Knoch, 1782) "
,"Thymelicus lineola","Thymelicus lineola (Ochsenheimer, 1808)","8133678","EXACT","99","ACCEPTED","SPECIES","Animalia","Arthropoda","Insecta","Lepidoptera","Hesperiidae","Thymelicus","Thymelicus lineola","Thymelicus lineola","(Ochsenheimer, 1808) "
,"Thymelicus sylvestris","Thymelicus sylvestris (Poda, 1761)","8273661","EXACT","99","ACCEPTED","SPECIES","Animalia","Arthropoda","Insecta","Lepidoptera","Hesperiidae","Thymelicus","Thymelicus sylvestris","Thymelicus sylvestris","(Poda, 1761) "
,"Bembidion ephippium","Bembidion ephippium (Marsham, 1802)","4308807","EXACT","99","ACCEPTED","SPECIES","Animalia","Arthropoda","Insecta","Coleoptera","Carabidae","Bembidion","Bembidion ephippium","Bembidion ephippium","(Marsham, 1802) "
,"Bembidion genei","Bembidion genei Küster, 1847","8143604","EXACT","99","ACCEPTED","SPECIES","Animalia","Arthropoda","Insecta","Coleoptera","Carabidae","Bembidion","Bembidion genei","Bembidion genei","Küster, 1847"
,"Bembidion litorale","Bembidion litorale (Olivier, 1790)","5872143","EXACT","99","ACCEPTED","SPECIES","Animalia","Arthropoda","Insecta","Coleoptera","Carabidae","Bembidion","Bembidion litorale","Bembidion litorale","(Olivier, 1790) "
,"Bembidion maritimum","Bembidion maritimum (Stephens, 1839)","9816904","EXACT","99","ACCEPTED","SPECIES","Animalia","Arthropoda","Insecta","Coleoptera","Carabidae","Bembidion","Bembidion maritimum","Bembidion maritimum","(Stephens, 1839) "
,"Bembidion milleri","Bembidion milleri Jacquelin du Val, 1852","8411250","EXACT","99","ACCEPTED","SPECIES","Animalia","Arthropoda","Insecta","Coleoptera","Carabidae","Bembidion","Bembidion milleri","Bembidion milleri","Jacquelin du Val, 1852"
,"Bembidion monticola","Bembidion monticola Sturm, 1825","6097872","EXACT","99","ACCEPTED","SPECIES","Animalia","Arthropoda","Insecta","Coleoptera","Carabidae","Bembidion","Bembidion monticola","Bembidion monticola","Sturm, 1825"
,"Bembidion nigricorne","Bembidion nigricorne Gyllenhal, 1827","6097868","EXACT","99","ACCEPTED","SPECIES","Animalia","Arthropoda","Insecta","Coleoptera","Carabidae","Bembidion","Bembidion nigricorne","Bembidion nigricorne","Gyllenhal, 1827"
,"Bembidion quinquestriatum","Bembidion quinquestriatum Gyllenhal, 1810","9443520","EXACT","98","SYNONYM","SPECIES","Animalia","Arthropoda","Insecta","Coleoptera","Carabidae","Ocys","Ocys quinquestriatus","Bembidion quinquestriatum","Gyllenhal, 1810"
,"Bembidion semipunctatum","Bembidion semipunctatum (Donovan, 1806)","1036066","EXACT","99","ACCEPTED","SPECIES","Animalia","Arthropoda","Insecta","Coleoptera","Carabidae","Bembidion","Bembidion semipunctatum","Bembidion semipunctatum","(Donovan, 1806) "
,"Bembidion stephensi","Bembidion stephensii Crotch, 1866","6097890","FUZZY","96","ACCEPTED","SPECIES","Animalia","Arthropoda","Insecta","Coleoptera","Carabidae","Bembidion","Bembidion stephensii","Bembidion stephensii","Crotch, 1866"
,"Bembidion testaceum","Bembidion testaceum (Duftschmid, 1812)","1035929","EXACT","99","ACCEPTED","SPECIES","Animalia","Arthropoda","Insecta","Coleoptera","Carabidae","Bembidion","Bembidion testaceum","Bembidion testaceum","(Duftschmid, 1812) "
,"Bembidion tibiale","Bembidion tibiale (Duftschmid, 1812)","5872127","EXACT","99","ACCEPTED","SPECIES","Animalia","Arthropoda","Insecta","Coleoptera","Carabidae","Bembidion","Bembidion tibiale","Bembidion tibiale","(Duftschmid, 1812) "
,"Blethisa multipunctata","Blethisa multipunctata (Linnaeus, 1758)","4988207","EXACT","99","ACCEPTED","SPECIES","Animalia","Arthropoda","Insecta","Coleoptera","Carabidae","Blethisa","Blethisa multipunctata","Blethisa multipunctata","(Linnaeus, 1758) "
,"Brachinus crepitans","Brachinus crepitans (Linnaeus, 1758)","4474861","EXACT","99","ACCEPTED","SPECIES","Animalia","Arthropoda","Insecta","Coleoptera","Carabidae","Brachinus","Brachinus crepitans","Brachinus crepitans","(Linnaeus, 1758) "
,"Bradycellus caucasicus","Bradycellus caucasicus (Chaudoir, 1846)","5755969","EXACT","99","ACCEPTED","SPECIES","Animalia","Arthropoda","Insecta","Coleoptera","Carabidae","Bradycellus","Bradycellus caucasicus","Bradycellus caucasicus","(Chaudoir, 1846) "
,"Bradycellus csikii","Bradycellus csikii Laczo, 1912","5755985","EXACT","99","ACCEPTED","SPECIES","Animalia","Arthropoda","Insecta","Coleoptera","Carabidae","Bradycellus","Bradycellus csikii","Bradycellus csikii","Laczo, 1912"
,"Broscus cephalotes","Broscus cephalotes (Linnaeus, 1758)","4308815","EXACT","99","ACCEPTED","SPECIES","Animalia","Arthropoda","Insecta","Coleoptera","Carabidae","Broscus","Broscus cephalotes","Broscus cephalotes","(Linnaeus, 1758) "
,"Calathus ambiguus","Calathus ambiguus (Paykull, 1790)","5755293","EXACT","99","ACCEPTED","SPECIES","Animalia","Arthropoda","Insecta","Coleoptera","Carabidae","Calathus","Calathus ambiguus","Calathus ambiguus","(Paykull, 1790) "
,"Calosoma inquisitor","Calosoma inquisitor (Linnaeus, 1758)","5872954","EXACT","99","ACCEPTED","SPECIES","Animalia","Arthropoda","Insecta","Coleoptera","Carabidae","Calosoma","Calosoma inquisitor","Calosoma inquisitor","(Linnaeus, 1758) "
,"Calosoma sycophanta","Calosoma sycophanta (Linnaeus, 1758)","4989308","EXACT","99","ACCEPTED","SPECIES","Animalia","Arthropoda","Insecta","Coleoptera","Carabidae","Calosoma","Calosoma sycophanta","Calosoma sycophanta","(Linnaeus, 1758) "
,"Carabus arvensis","Carabus arvensis Herbst, 1784","5872829","EXACT","97","SYNONYM","SPECIES","Animalia","Arthropoda","Insecta","Coleoptera","Carabidae","Carabus","Carabus arcensis","Carabus arvensis","Herbst, 1784"
,"Carabus auratus","Carabus auratus Linnaeus, 1760","1036779","EXACT","99","ACCEPTED","SPECIES","Animalia","Arthropoda","Insecta","Coleoptera","Carabidae","Carabus","Carabus auratus","Carabus auratus","Linnaeus, 1760"
,"Carabus cancellatus","Carabus cancellatus Illiger, 1798","4470480","EXACT","99","ACCEPTED","SPECIES","Animalia","Arthropoda","Insecta","Coleoptera","Carabidae","Carabus","Carabus cancellatus","Carabus cancellatus","Illiger, 1798"
,"Agonum ericeti","Agonum ericeti (Panzer, 1809)","5755044","EXACT","99","ACCEPTED","SPECIES","Animalia","Arthropoda","Insecta","Coleoptera","Carabidae","Agonum","Agonum ericeti","Agonum ericeti","(Panzer, 1809) "
,"Carabus coriaceus","Carabus coriaceus Linnaeus, 1758","4470451","EXACT","99","ACCEPTED","SPECIES","Animalia","Arthropoda","Insecta","Coleoptera","Carabidae","Carabus","Carabus coriaceus","Carabus coriaceus","Linnaeus, 1758"
,"Carabus monilis","Carabus monilis Fabricius, 1792","4470801","EXACT","99","ACCEPTED","SPECIES","Animalia","Arthropoda","Insecta","Coleoptera","Carabidae","Carabus","Carabus monilis","Carabus monilis","Fabricius, 1792"
,"Carabus nitens","Carabus nitens Linnaeus, 1758","4471071","EXACT","99","ACCEPTED","SPECIES","Animalia","Arthropoda","Insecta","Coleoptera","Carabidae","Carabus","Carabus nitens","Carabus nitens","Linnaeus, 1758"
,"Chlaenius nitidulus","Chlaenius nitidulus (Schrank, 1781)","5810729","EXACT","97","ACCEPTED","SPECIES","Animalia","Arthropoda","Insecta","Coleoptera","Carabidae","Chlaenius","Chlaenius nitidulus","Chlaenius nitidulus","(Schrank, 1781) "
,"Cicindela germanica","Cicindela germanica Linnaeus, 1758","8092427","EXACT","98","SYNONYM","SPECIES","Animalia","Arthropoda","Insecta","Coleoptera","Carabidae","Cylindera","Cylindera germanica","Cicindela germanica","Linnaeus, 1758"
,"Abax carinatus","Abax carinatus (Duftschmid, 1812)","5754745","EXACT","99","ACCEPTED","SPECIES","Animalia","Arthropoda","Insecta","Coleoptera","Carabidae","Abax","Abax carinatus","Abax carinatus","(Duftschmid, 1812) "
,"Cicindela maritima","Cicindela maritima Dejean, 1822","7727698","EXACT","99","ACCEPTED","SPECIES","Animalia","Arthropoda","Insecta","Coleoptera","Carabidae","Cicindela","Cicindela maritima","Cicindela maritima","Dejean, 1822"
,"Cicindela sylvatica","Cicindela sylvatica Linnaeus, 1758","4480480","EXACT","99","ACCEPTED","SPECIES","Animalia","Arthropoda","Insecta","Coleoptera","Carabidae","Cicindela","Cicindela sylvatica","Cicindela sylvatica","Linnaeus, 1758"
,"Cymindis vaporariorum","Cymindis vaporariorum (Linnaeus, 1758)","5757155","EXACT","99","ACCEPTED","SPECIES","Animalia","Arthropoda","Insecta","Coleoptera","Carabidae","Cymindis","Cymindis vaporariorum","Cymindis vaporariorum","(Linnaeus, 1758) "
,"Agonum gracilipes","Agonum gracilipes (Duftschmid, 1812)","5755004","EXACT","99","ACCEPTED","SPECIES","Animalia","Arthropoda","Insecta","Coleoptera","Carabidae","Agonum","Agonum gracilipes","Agonum gracilipes","(Duftschmid, 1812) "
,"Dromius agilis","Dromius agilis (Fabricius, 1787)","5757207","EXACT","99","ACCEPTED","SPECIES","Animalia","Arthropoda","Insecta","Coleoptera","Carabidae","Dromius","Dromius agilis","Dromius agilis","(Fabricius, 1787) "
,"Dromius bifasciatus","Dromius bifasciatus Dejean, 1825","7870535","EXACT","98","SYNONYM","SPECIES","Animalia","Arthropoda","Insecta","Coleoptera","Carabidae","Calodromius","Calodromius bifasciatus","Dromius bifasciatus","Dejean, 1825"
,"Dromius longiceps","Dromius longiceps Dejean, 1826","6453887","EXACT","98","SYNONYM","SPECIES","Animalia","Arthropoda","Insecta","Coleoptera","Carabidae","Paradromius","Paradromius longiceps","Dromius longiceps","Dejean, 1826"
,"Dromius meridionalis","Dromius meridionalis Dejean, 1825","5757211","EXACT","99","ACCEPTED","SPECIES","Animalia","Arthropoda","Insecta","Coleoptera","Carabidae","Dromius","Dromius meridionalis","Dromius meridionalis","Dejean, 1825"
,"Dromius notatus","Dromius notatus Stephens, 1827","6453886","EXACT","98","SYNONYM","SPECIES","Animalia","Arthropoda","Insecta","Coleoptera","Carabidae","Philorhizus","Philorhizus notatus","Dromius notatus","Stephens, 1827"
,"Dyschirius intermedius","Dyschirius intermedius Putzeys, 1846","5756959","EXACT","99","ACCEPTED","SPECIES","Animalia","Arthropoda","Insecta","Coleoptera","Carabidae","Dyschirius","Dyschirius intermedius","Dyschirius intermedius","Putzeys, 1846"
,"Elaphrus uliginosus","Elaphrus uliginosus Fabricius, 1792","4473320","EXACT","99","ACCEPTED","SPECIES","Animalia","Arthropoda","Insecta","Coleoptera","Carabidae","Elaphrus","Elaphrus uliginosus","Elaphrus uliginosus","Fabricius, 1792"
,"Harpalus autumnalis","Harpalus autumnalis (Duftschmid, 1812)","6097922","EXACT","99","ACCEPTED","SPECIES","Animalia","Arthropoda","Insecta","Coleoptera","Carabidae","Harpalus","Harpalus autumnalis","Harpalus autumnalis","(Duftschmid, 1812) "
,"Harpalus azureus","Harpalus azureus (Fabricius, 1775)","10547884","EXACT","98","SYNONYM","SPECIES","Animalia","Arthropoda","Insecta","Coleoptera","Carabidae","Ophonus","Ophonus azureus","Harpalus azureus","(Fabricius, 1775) "
,"Harpalus calceatus","Harpalus calceatus (Duftschmid, 1812)","6097915","EXACT","99","ACCEPTED","SPECIES","Animalia","Arthropoda","Insecta","Coleoptera","Carabidae","Harpalus","Harpalus calceatus","Harpalus calceatus","(Duftschmid, 1812) "
,"Harpalus flavescens","Harpalus flavescens (Piller & Mitterpacher, 1783)","6097909","EXACT","99","ACCEPTED","SPECIES","Animalia","Arthropoda","Insecta","Coleoptera","Carabidae","Harpalus","Harpalus flavescens","Harpalus flavescens","(Piller & Mitterpacher, 1783) "
,"Harpalus froelichi","Harpalus froelichii Sturm, 1818","6097925","FUZZY","95","ACCEPTED","SPECIES","Animalia","Arthropoda","Insecta","Coleoptera","Carabidae","Harpalus","Harpalus froelichii","Harpalus froelichii","Sturm, 1818"
,"Harpalus honestus","Harpalus honestus (Duftschmid, 1812)","5873207","EXACT","99","ACCEPTED","SPECIES","Animalia","Arthropoda","Insecta","Coleoptera","Carabidae","Harpalus","Harpalus honestus","Harpalus honestus","(Duftschmid, 1812) "
,"Harpalus modestus","Harpalus modestus Dejean, 1829","6097911","EXACT","99","ACCEPTED","SPECIES","Animalia","Arthropoda","Insecta","Coleoptera","Carabidae","Harpalus","Harpalus modestus","Harpalus modestus","Dejean, 1829"
,"Harpalus neglectus","Harpalus neglectus Audinet-Serville, 1821","6097927","EXACT","99","ACCEPTED","SPECIES","Animalia","Arthropoda","Insecta","Coleoptera","Carabidae","Harpalus","Harpalus neglectus","Harpalus neglectus","Audinet-Serville, 1821"
,"Harpalus nitidulus","Harpalus nitidulus Chaudoir, 1843","10663962","EXACT","98","SYNONYM","SPECIES","Animalia","Arthropoda","Insecta","Coleoptera","Carabidae","Trichotichnus","Trichotichnus nitidulus","Harpalus nitidulus","Chaudoir, 1843"
,"Harpalus puncticollis","Carabidae","3792","HIGHERRANK","97","ACCEPTED","FAMILY","Animalia","Arthropoda","Insecta","Coleoptera","Carabidae",,,"Carabidae",
,"Harpalus quadripunctatus","Harpalus quadripunctatus Dejean, 1829","7432232","EXACT","98","SYNONYM","SPECIES","Animalia","Arthropoda","Insecta","Coleoptera","Carabidae","Harpalus","Harpalus laevipes","Harpalus quadripunctatus","Dejean, 1829"
,"Harpalus rupicola","Harpalus rupicola Sturm, 1818","8678366","EXACT","98","SYNONYM","SPECIES","Animalia","Arthropoda","Insecta","Coleoptera","Carabidae","Ophonus","Ophonus rupicola","Harpalus rupicola","Sturm, 1818"
,"Harpalus serripes","Harpalus serripes (Quensel, 1806)","8378220","EXACT","97","ACCEPTED","SPECIES","Animalia","Arthropoda","Insecta","Coleoptera","Carabidae","Harpalus","Harpalus serripes","Harpalus serripes","(Quensel, 1806) "
,"Harpalus signaticornis","Harpalus signaticornis (Duftschmid, 1812)","6097914","EXACT","99","ACCEPTED","SPECIES","Animalia","Arthropoda","Insecta","Coleoptera","Carabidae","Harpalus","Harpalus signaticornis","Harpalus signaticornis","(Duftschmid, 1812) "
,"Harpalus smaragdinus","Harpalus smaragdinus (Duftschmid, 1812)","6097923","EXACT","99","ACCEPTED","SPECIES","Animalia","Arthropoda","Insecta","Coleoptera","Carabidae","Harpalus","Harpalus smaragdinus","Harpalus smaragdinus","(Duftschmid, 1812) "
,"Harpalus solitaris","Harpalus solitaris Dejean, 1829","6097916","EXACT","99","ACCEPTED","SPECIES","Animalia","Arthropoda","Insecta","Coleoptera","Carabidae","Harpalus","Harpalus solitaris","Harpalus solitaris","Dejean, 1829"
,"Harpalus vernalis","Harpalus vernalis (Duftschmid, 1812)","6453884","EXACT","97","SYNONYM","SPECIES","Animalia","Arthropoda","Insecta","Coleoptera","Carabidae","Harpalus","Harpalus pumilus","Harpalus vernalis","(Duftschmid, 1812) "
,"Lebia cruxminor","Lebia cruxminor (Linnaeus, 1758)","6097856","EXACT","99","ACCEPTED","SPECIES","Animalia","Arthropoda","Insecta","Coleoptera","Carabidae","Lebia","Lebia cruxminor","Lebia cruxminor","(Linnaeus, 1758) "
,"Leistus piceus","Leistus piceus Frölich, 1799","4473866","EXACT","99","ACCEPTED","SPECIES","Animalia","Arthropoda","Insecta","Coleoptera","Carabidae","Leistus","Leistus piceus","Leistus piceus","Frölich, 1799"
,"Leistus spinibarbis","Leistus spinibarbis (Fabricius, 1775)","4473903","EXACT","99","ACCEPTED","SPECIES","Animalia","Arthropoda","Insecta","Coleoptera","Carabidae","Leistus","Leistus spinibarbis","Leistus spinibarbis","(Fabricius, 1775) "
,"Agonum piceum","Agonum piceum (Linnaeus, 1758)","9206709","EXACT","99","ACCEPTED","SPECIES","Animalia","Arthropoda","Insecta","Coleoptera","Carabidae","Agonum","Agonum piceum","Agonum piceum","(Linnaeus, 1758) "
,"Notiophilus aestuans","Notiophilus aestuans Dejean, 1826","6097898","EXACT","99","ACCEPTED","SPECIES","Animalia","Arthropoda","Insecta","Coleoptera","Carabidae","Notiophilus","Notiophilus aestuans","Notiophilus aestuans","Dejean, 1826"
,"Perileptus areolatus","Perileptus areolatus (Creutzer, 1799)","5872219","EXACT","99","ACCEPTED","SPECIES","Animalia","Arthropoda","Insecta","Coleoptera","Carabidae","Perileptus","Perileptus areolatus","Perileptus areolatus","(Creutzer, 1799) "
,"Pogonus littoralis","Pogonus littoralis (Duftschmid, 1812)","5716411","EXACT","99","ACCEPTED","SPECIES","Animalia","Arthropoda","Insecta","Coleoptera","Carabidae","Pogonus","Pogonus littoralis","Pogonus littoralis","(Duftschmid, 1812) "
,"Pogonus luridipennis","Pogonus luridipennis (Germar, 1822)","5756368","EXACT","99","ACCEPTED","SPECIES","Animalia","Arthropoda","Insecta","Coleoptera","Carabidae","Pogonus","Pogonus luridipennis","Pogonus luridipennis","(Germar, 1822) "
,"Pristonychus terricola","Pristonychus terricola (Herbst, 1784)","1035536","EXACT","98","SYNONYM","SPECIES","Animalia","Arthropoda","Insecta","Coleoptera","Carabidae","Laemostenus","Laemostenus terricola","Pristonychus terricola","(Herbst, 1784) "
,"Pterostichus aterrimus","Pterostichus aterrimus (Herbst, 1784)","9795649","EXACT","97","ACCEPTED","SPECIES","Animalia","Arthropoda","Insecta","Coleoptera","Carabidae","Pterostichus","Pterostichus aterrimus","Pterostichus aterrimus","(Herbst, 1784) "
,"Pterostichus kugelanni","Pterostichus kugelanni (Panzer, 1796)","8213497","EXACT","98","SYNONYM","SPECIES","Animalia","Arthropoda","Insecta","Coleoptera","Carabidae","Poecilus","Poecilus kugelanni","Pterostichus kugelanni","(Panzer, 1796) "
,"Pterostichus lepidus","Pterostichus lepidus (Leske, 1785)","8484025","EXACT","98","SYNONYM","SPECIES","Animalia","Arthropoda","Insecta","Coleoptera","Carabidae","Poecilus","Poecilus lepidus","Pterostichus lepidus","(Leske, 1785) "
,"Pterostichus longicollis","Carabidae","3792","HIGHERRANK","97","ACCEPTED","FAMILY","Animalia","Arthropoda","Insecta","Coleoptera","Carabidae",,,"Carabidae",
,"Pterostichus macer","Pterostichus macer (Marsham, 1802)","7416497","EXACT","99","ACCEPTED","SPECIES","Animalia","Arthropoda","Insecta","Coleoptera","Carabidae","Pterostichus","Pterostichus macer","Pterostichus macer","(Marsham, 1802) "
,"Stenolophus skrimshiranus","Stenolophus skrimshiranus Stephens, 1828","5755954","EXACT","99","ACCEPTED","SPECIES","Animalia","Arthropoda","Insecta","Coleoptera","Carabidae","Stenolophus","Stenolophus skrimshiranus","Stenolophus skrimshiranus","Stephens, 1828"
,"Tachys bistriatus","Tachys bistriatus (Duftschmid, 1812)","9792543","EXACT","97","ACCEPTED","SPECIES","Animalia","Arthropoda","Insecta","Coleoptera","Carabidae","Tachys","Tachys bistriatus","Tachys bistriatus","(Duftschmid, 1812) "
,"Tachys bisulcatus","Tachys bisulcatus (Nicolai, 1822)","7607249","EXACT","98","SYNONYM","SPECIES","Animalia","Arthropoda","Insecta","Coleoptera","Carabidae","Porotachys","Porotachys bisulcatus","Tachys bisulcatus","(Nicolai, 1822) "
,"Tachys scutellaris","Tachys scutellaris Stephens, 1828","4308786","EXACT","99","ACCEPTED","SPECIES","Animalia","Arthropoda","Insecta","Coleoptera","Carabidae","Tachys","Tachys scutellaris","Tachys scutellaris","Stephens, 1828"
,"Trechus rubens","Trechus rubens (Fabricius, 1792)","1037293","EXACT","99","ACCEPTED","SPECIES","Animalia","Arthropoda","Insecta","Coleoptera","Carabidae","Trechus","Trechus rubens","Trechus rubens","(Fabricius, 1792) "
,"Trichotichnus nitens","Trichotichnus nitens (Heer, 1837)","4475051","EXACT","99","ACCEPTED","SPECIES","Animalia","Arthropoda","Insecta","Coleoptera","Carabidae","Trichotichnus","Trichotichnus nitens","Trichotichnus nitens","(Heer, 1837) "
,"Zabrus tenebrioides","Zabrus tenebrioides (Goeze, 1777)","4473277","EXACT","99","ACCEPTED","SPECIES","Animalia","Arthropoda","Insecta","Coleoptera","Carabidae","Zabrus","Zabrus tenebrioides","Zabrus tenebrioides","(Goeze, 1777) "
,"Amara brunnea","Amara brunnea (Gyllenhal, 1810)","9102035","EXACT","99","ACCEPTED","SPECIES","Animalia","Arthropoda","Insecta","Coleoptera","Carabidae","Amara","Amara brunnea","Amara brunnea","(Gyllenhal, 1810) "
,"Amara consularis","Amara consularis (Duftschmid, 1812)","4473127","EXACT","99","ACCEPTED","SPECIES","Animalia","Arthropoda","Insecta","Coleoptera","Carabidae","Amara","Amara consularis","Amara consularis","(Duftschmid, 1812) "
,"Amara famelica","Amara famelica Zimmermann, 1832","4472900","EXACT","99","ACCEPTED","SPECIES","Animalia","Arthropoda","Insecta","Coleoptera","Carabidae","Amara","Amara famelica","Amara famelica","Zimmermann, 1832"
,"Amara infima","Amara infima (Duftschmid, 1812)","4472929","EXACT","98","ACCEPTED","SPECIES","Animalia","Arthropoda","Insecta","Coleoptera","Carabidae","Amara","Amara infima","Amara infima","(Duftschmid, 1812) "
,"Amara kulti","Amara kulti Fassati, 1947","4472818","EXACT","99","ACCEPTED","SPECIES","Animalia","Arthropoda","Insecta","Coleoptera","Carabidae","Amara","Amara kulti","Amara kulti","Fassati, 1947"
,"Amara lucida","Amara lucida (Duftschmid, 1812)","4472884","EXACT","99","ACCEPTED","SPECIES","Animalia","Arthropoda","Insecta","Coleoptera","Carabidae","Amara","Amara lucida","Amara lucida","(Duftschmid, 1812) "
,"Amara montivaga","Amara montivaga Sturm, 1825","4472906","EXACT","99","ACCEPTED","SPECIES","Animalia","Arthropoda","Insecta","Coleoptera","Carabidae","Amara","Amara montivaga","Amara montivaga","Sturm, 1825"
,"Amara nitida","Amara nitida Sturm, 1825","8396839","EXACT","99","ACCEPTED","SPECIES","Animalia","Arthropoda","Insecta","Coleoptera","Carabidae","Amara","Amara nitida","Amara nitida","Sturm, 1825"
,"Amara praetermissa","Amara praetermissa (C.R.Sahlberg, 1827)","4472940","EXACT","99","ACCEPTED","SPECIES","Animalia","Arthropoda","Insecta","Coleoptera","Carabidae","Amara","Amara praetermissa","Amara praetermissa","(C.R.Sahlberg, 1827) "
,"Amara quenseli","Amara quenseli (Schönherr, 1806)","1035239","EXACT","99","ACCEPTED","SPECIES","Animalia","Arthropoda","Insecta","Coleoptera","Carabidae","Amara","Amara quenseli","Amara quenseli","(Schönherr, 1806) "
,"Amara tricuspidata","Amara tricuspidata Dejean, 1831","4472814","EXACT","99","ACCEPTED","SPECIES","Animalia","Arthropoda","Insecta","Coleoptera","Carabidae","Amara","Amara tricuspidata","Amara tricuspidata","Dejean, 1831"
,"Anisodactylus nemorivagus","Anisodactylus nemorivagus (Duftschmid, 1812)","4474998","EXACT","99","ACCEPTED","SPECIES","Animalia","Arthropoda","Insecta","Coleoptera","Carabidae","Anisodactylus","Anisodactylus nemorivagus","Anisodactylus nemorivagus","(Duftschmid, 1812) "
,"Anisodactylus poeciloides","Anisodactylus poeciloides (Stephens, 1828)","4308812","EXACT","99","ACCEPTED","SPECIES","Animalia","Arthropoda","Insecta","Coleoptera","Carabidae","Anisodactylus","Anisodactylus poeciloides","Anisodactylus poeciloides","(Stephens, 1828) "
,"Anisodactylus signatus","Anisodactylus signatus (Panzer, 1796)","4475004","EXACT","99","ACCEPTED","SPECIES","Animalia","Arthropoda","Insecta","Coleoptera","Carabidae","Anisodactylus","Anisodactylus signatus","Anisodactylus signatus","(Panzer, 1796) "
,"Acupalpus exiguus","Acupalpus exiguus Dejean, 1829","4475707","EXACT","99","ACCEPTED","SPECIES","Animalia","Arthropoda","Insecta","Coleoptera","Carabidae","Acupalpus","Acupalpus exiguus","Acupalpus exiguus","Dejean, 1829"
,"Asaphidion pallipes","Asaphidion pallipes (Duftschmid, 1812)","4478695","EXACT","99","ACCEPTED","SPECIES","Animalia","Arthropoda","Insecta","Coleoptera","Carabidae","Asaphidion","Asaphidion pallipes","Asaphidion pallipes","(Duftschmid, 1812) "
,"Bembidion argenteolum","Bembidion argenteolum Ahrens, 1812","6097891","EXACT","99","ACCEPTED","SPECIES","Animalia","Arthropoda","Insecta","Coleoptera","Carabidae","Bembidion","Bembidion argenteolum","Bembidion argenteolum","Ahrens, 1812"
,"Bembidion bruxellense","Bembidion bruxellense Wesmael, 1835","1036255","EXACT","99","ACCEPTED","SPECIES","Animalia","Arthropoda","Insecta","Coleoptera","Carabidae","Bembidion","Bembidion bruxellense","Bembidion bruxellense","Wesmael, 1835"
,"Brachytron pratense","Brachytron pratense Müller, 1764","1425146","EXACT","99","ACCEPTED","SPECIES","Animalia","Arthropoda","Insecta","Odonata","Aeshnidae","Brachytron","Brachytron pratense","Brachytron pratense","Müller, 1764"
,"Calopteryx virgo","Calopteryx virgo Linnaeus, 1758","1427037","EXACT","99","ACCEPTED","SPECIES","Animalia","Arthropoda","Insecta","Odonata","Calopterygidae","Calopteryx","Calopteryx virgo","Calopteryx virgo","Linnaeus, 1758"
,"Coenagrion hastulatum","Coenagrion hastulatum Charpentier, 1825","1422001","EXACT","99","ACCEPTED","SPECIES","Animalia","Arthropoda","Insecta","Odonata","Coenagrionidae","Coenagrion","Coenagrion hastulatum","Coenagrion hastulatum","Charpentier, 1825"
,"Coenagrion lunulatum","Coenagrion lunulatum Charpentier, 1840","1422025","EXACT","99","ACCEPTED","SPECIES","Animalia","Arthropoda","Insecta","Odonata","Coenagrionidae","Coenagrion","Coenagrion lunulatum","Coenagrion lunulatum","Charpentier, 1840"
,"Coenagrion pulchellum","Coenagrion pulchellum Vander Linden, 1825","1421980","EXACT","99","ACCEPTED","SPECIES","Animalia","Arthropoda","Insecta","Odonata","Coenagrionidae","Coenagrion","Coenagrion pulchellum","Coenagrion pulchellum","Vander Linden, 1825"
,"Cordulegaster boltonii","Cordulegaster boltonii Donovan, 1807","1421161","EXACT","99","ACCEPTED","SPECIES","Animalia","Arthropoda","Insecta","Odonata","Cordulegastridae","Cordulegaster","Cordulegaster boltonii","Cordulegaster boltonii","Donovan, 1807"
,"Gomphus vulgatissimus","Gomphus vulgatissimus Linnaeus, 1758","5051951","EXACT","99","ACCEPTED","SPECIES","Animalia","Arthropoda","Insecta","Odonata","Gomphidae","Gomphus","Gomphus vulgatissimus","Gomphus vulgatissimus","Linnaeus, 1758"
,"Lestes dryas","Lestes dryas Kirby, 1890","1424045","EXACT","99","ACCEPTED","SPECIES","Animalia","Arthropoda","Insecta","Odonata","Lestidae","Lestes","Lestes dryas","Lestes dryas","Kirby, 1890"
,"Aeshna isoceles","Aeshna isoceles (Müller, 1767)","4513948","EXACT","99","ACCEPTED","SPECIES","Animalia","Arthropoda","Insecta","Odonata","Aeshnidae","Aeshna","Aeshna isoceles","Aeshna isoceles","(Müller, 1767) "
,"Leucorrhinia pectoralis","Leucorrhinia pectoralis Charpentier, 1825","1429194","EXACT","99","ACCEPTED","SPECIES","Animalia","Arthropoda","Insecta","Odonata","Libellulidae","Leucorrhinia","Leucorrhinia pectoralis","Leucorrhinia pectoralis","Charpentier, 1825"
,"Leucorrhinia rubicunda","Leucorrhinia rubicunda Linnaeus, 1758","1429173","EXACT","99","ACCEPTED","SPECIES","Animalia","Arthropoda","Insecta","Odonata","Libellulidae","Leucorrhinia","Leucorrhinia rubicunda","Leucorrhinia rubicunda","Linnaeus, 1758"
,"Libellula fulva","Libellula fulva Müller, 1764","1427936","EXACT","99","ACCEPTED","SPECIES","Animalia","Arthropoda","Insecta","Odonata","Libellulidae","Libellula","Libellula fulva","Libellula fulva","Müller, 1764"
,"Aeshna juncea","Aeshna juncea Linnaeus, 1758","1425221","EXACT","99","ACCEPTED","SPECIES","Animalia","Arthropoda","Insecta","Odonata","Aeshnidae","Aeshna","Aeshna juncea","Aeshna juncea","Linnaeus, 1758"
,"Orthetrum coerulescens","Orthetrum coerulescens Fabricius, 1798","1428583","EXACT","99","ACCEPTED","SPECIES","Animalia","Arthropoda","Insecta","Odonata","Libellulidae","Orthetrum","Orthetrum coerulescens","Orthetrum coerulescens","Fabricius, 1798"
,"Somatochlora arctica","Somatochlora arctica Zetterstedt, 1840","1429997","EXACT","99","ACCEPTED","SPECIES","Animalia","Arthropoda","Insecta","Odonata","Corduliidae","Somatochlora","Somatochlora arctica","Somatochlora arctica","Zetterstedt, 1840"
,"Somatochlora flavomaculata","Somatochlora flavomaculata Vander Linden, 1825","1429969","EXACT","99","ACCEPTED","SPECIES","Animalia","Arthropoda","Insecta","Odonata","Corduliidae","Somatochlora","Somatochlora flavomaculata","Somatochlora flavomaculata","Vander Linden, 1825"
,"Sympetrum depressiusculum","Sympetrum depressiusculum Selys, 1841","1428235","EXACT","99","ACCEPTED","SPECIES","Animalia","Arthropoda","Insecta","Odonata","Libellulidae","Sympetrum","Sympetrum depressiusculum","Sympetrum depressiusculum","Selys, 1841"
,"Chondrostoma nasus","Chondrostoma nasus (Linnaeus, 1758)","2360551","EXACT","99","ACCEPTED","SPECIES","Animalia","Chordata",,"Cypriniformes","Cyprinidae","Chondrostoma","Chondrostoma nasus","Chondrostoma nasus","(Linnaeus, 1758) "
,"Cottus gobio","Cottus gobio Linnaeus, 1758","7807208","EXACT","99","ACCEPTED","SPECIES","Animalia","Chordata",,"Scorpaeniformes","Cottidae","Cottus","Cottus gobio","Cottus gobio","Linnaeus, 1758"
,"Lampetra fluviatilis","Lampetra fluviatilis (Linnaeus, 1758)","2421365","EXACT","99","ACCEPTED","SPECIES","Animalia","Chordata","Petromyzonti","Petromyzontiformes","Petromyzontidae","Lampetra","Lampetra fluviatilis","Lampetra fluviatilis","(Linnaeus, 1758) "
,"Lampetra planeri","Lampetra planeri (Bloch, 1784)","2421402","EXACT","99","ACCEPTED","SPECIES","Animalia","Chordata","Petromyzonti","Petromyzontiformes","Petromyzontidae","Lampetra","Lampetra planeri","Lampetra planeri","(Bloch, 1784) "
,"Leuciscus idus","Leuciscus idus (Linnaeus, 1758)","4409643","EXACT","99","ACCEPTED","SPECIES","Animalia","Chordata",,"Cypriniformes","Cyprinidae","Leuciscus","Leuciscus idus","Leuciscus idus","(Linnaeus, 1758) "
,"Leuciscus leuciscus","Leuciscus leuciscus (Linnaeus, 1758)","4409641","EXACT","99","ACCEPTED","SPECIES","Animalia","Chordata",,"Cypriniformes","Cyprinidae","Leuciscus","Leuciscus leuciscus","Leuciscus leuciscus","(Linnaeus, 1758) "
,"Liza ramada","Liza ramada (Risso, 1827)","2400718","EXACT","98","SYNONYM","SPECIES","Animalia","Chordata",,"Mugiliformes","Mugilidae","Chelon","Chelon ramada","Liza ramada","(Risso, 1827) "
,"Lota lota","Lota lota (Linnaeus, 1758)","2415460","EXACT","99","ACCEPTED","SPECIES","Animalia","Chordata",,"Gadiformes","Lotidae","Lota","Lota lota","Lota lota","(Linnaeus, 1758) "
,"Misgurnus fossilis","Misgurnus fossilis (Linnaeus, 1758)","2367936","EXACT","99","ACCEPTED","SPECIES","Animalia","Chordata",,"Cypriniformes","Cobitidae","Misgurnus","Misgurnus fossilis","Misgurnus fossilis","(Linnaeus, 1758) "
,"Alburnoides bipunctatus","Alburnoides bipunctatus (Bloch, 1782)","2360305","EXACT","99","ACCEPTED","SPECIES","Animalia","Chordata",,"Cypriniformes","Cyprinidae","Alburnoides","Alburnoides bipunctatus","Alburnoides bipunctatus","(Bloch, 1782) "
,"Petromyzon marinus","Petromyzon marinus Linnaeus, 1758","8236498","EXACT","99","ACCEPTED","SPECIES","Animalia","Chordata","Petromyzonti","Petromyzontiformes","Petromyzontidae","Petromyzon","Petromyzon marinus","Petromyzon marinus","Linnaeus, 1758"
,"Phoxinus phoxinus","Phoxinus phoxinus (Linnaeus, 1758)","4409653","EXACT","99","ACCEPTED","SPECIES","Animalia","Chordata",,"Cypriniformes","Cyprinidae","Phoxinus","Phoxinus phoxinus","Phoxinus phoxinus","(Linnaeus, 1758) "
,"Salmo salar","Salmo salar Linnaeus, 1758","7595433","EXACT","99","ACCEPTED","SPECIES","Animalia","Chordata",,"Salmoniformes","Salmonidae","Salmo","Salmo salar","Salmo salar","Linnaeus, 1758"
,"Salmo trutta","Salmo trutta Linnaeus, 1758","8215487","EXACT","99","ACCEPTED","SPECIES","Animalia","Chordata",,"Salmoniformes","Salmonidae","Salmo","Salmo trutta","Salmo trutta","Linnaeus, 1758"
,"Thymallus thymallus","Thymallus thymallus (Linnaeus, 1758)","5203999","EXACT","99","ACCEPTED","SPECIES","Animalia","Chordata",,"Salmoniformes","Salmonidae","Thymallus","Thymallus thymallus","Thymallus thymallus","(Linnaeus, 1758) "
,"Alosa fallax","Alosa fallax (Lacepède, 1803)","2412623","EXACT","99","ACCEPTED","SPECIES","Animalia","Chordata",,"Clupeiformes","Clupeidae","Alosa","Alosa fallax","Alosa fallax","(Lacepède, 1803) "
,"Anguilla anguilla","Anguilla anguilla (Linnaeus, 1758)","5212973","EXACT","99","ACCEPTED","SPECIES","Animalia","Chordata",,"Anguilliformes","Anguillidae","Anguilla","Anguilla anguilla","Anguilla anguilla","(Linnaeus, 1758) "
,"Barbus barbus","Barbus barbus (Linnaeus, 1758)","5739539","EXACT","99","ACCEPTED","SPECIES","Animalia","Chordata",,"Cypriniformes","Cyprinidae","Barbus","Barbus barbus","Barbus barbus","(Linnaeus, 1758) "
,"Gomphocerripus rufus","Gomphocerripus rufus","11280978","EXACT","98","SYNONYM","SPECIES","Animalia","Arthropoda","Insecta","Orthoptera","Acrididae","Gomphocerippus","Gomphocerippus rufus","Gomphocerripus rufus",
,"Gryllotalpa gryllotalpa","Gryllotalpa gryllotalpa (Linnaeus, 1758)","1716128","EXACT","99","ACCEPTED","SPECIES","Animalia","Arthropoda","Insecta","Orthoptera","Gryllotalpidae","Gryllotalpa","Gryllotalpa gryllotalpa","Gryllotalpa gryllotalpa","(Linnaeus, 1758) "
,"Oedipoda caerulescens","Oedipoda caerulescens (Linnaeus, 1758)","1700310","EXACT","99","ACCEPTED","SPECIES","Animalia","Arthropoda","Insecta","Orthoptera","Acrididae","Oedipoda","Oedipoda caerulescens","Oedipoda caerulescens","(Linnaeus, 1758) "
,"Omocestus viridulus","Omocestus viridulus (Linnaeus, 1758)","1710755","EXACT","97","ACCEPTED","SPECIES","Animalia","Arthropoda","Insecta","Orthoptera","Acrididae","Omocestus","Omocestus viridulus","Omocestus viridulus","(Linnaeus, 1758) "
,"Platycleis albopunctata","Platycleis albopunctata (Goeze, 1778)","1685298","EXACT","97","ACCEPTED","SPECIES","Animalia","Arthropoda","Insecta","Orthoptera","Tettigoniidae","Platycleis","Platycleis albopunctata","Platycleis albopunctata","(Goeze, 1778) "
,"Chorthippus montanus","Chorthippus montanus (Charpentier, 1825)","1708370","EXACT","97","SYNONYM","SPECIES","Animalia","Arthropoda","Insecta","Orthoptera","Acrididae","Pseudochorthippus","Pseudochorthippus montanus","Chorthippus montanus","(Charpentier, 1825) "
,"Metrioptera roeselii","Metrioptera roeselii (Hagenbach, 1822)","4298895","EXACT","97","SYNONYM","SPECIES","Animalia","Arthropoda","Insecta","Orthoptera","Tettigoniidae","Roeseliana","Roeseliana roeselii","Metrioptera roeselii","(Hagenbach, 1822) "
,"Stenobothrus lineatus","Stenobothrus lineatus (Panzer, 1796)","1710962","EXACT","97","ACCEPTED","SPECIES","Animalia","Arthropoda","Insecta","Orthoptera","Acrididae","Stenobothrus","Stenobothrus lineatus","Stenobothrus lineatus","(Panzer, 1796) "
,"Stenobothrus stigmaticus","Stenobothrus stigmaticus (Rambur, 1838)","1710986","EXACT","97","ACCEPTED","SPECIES","Animalia","Arthropoda","Insecta","Orthoptera","Acrididae","Stenobothrus","Stenobothrus stigmaticus","Stenobothrus stigmaticus","(Rambur, 1838) "
,"Stethophyma grossum","Stethophyma grossum (Linnaeus, 1758)","1711091","EXACT","99","ACCEPTED","SPECIES","Animalia","Arthropoda","Insecta","Orthoptera","Acrididae","Stethophyma","Stethophyma grossum","Stethophyma grossum","(Linnaeus, 1758) "
,"Tetrix ceperoi","Tetrix ceperoi (Bolívar, 1887)","1681054","EXACT","97","ACCEPTED","SPECIES","Animalia","Arthropoda","Insecta","Orthoptera","Tetrigidae","Tetrix","Tetrix ceperoi","Tetrix ceperoi","(Bolívar, 1887) "
,"Tetrix tenuicornis","Tetrix tenuicornis (Sahlberg, 1891)","1681181","EXACT","97","ACCEPTED","SPECIES","Animalia","Arthropoda","Insecta","Orthoptera","Tetrigidae","Tetrix","Tetrix tenuicornis","Tetrix tenuicornis","(Sahlberg, 1891) "
,"Chorthippus mollis","Chorthippus mollis (Charpentier, 1825)","1708667","EXACT","97","ACCEPTED","SPECIES","Animalia","Arthropoda","Insecta","Orthoptera","Acrididae","Chorthippus","Chorthippus mollis","Chorthippus mollis","(Charpentier, 1825) "
,"Ephippiger diurnus","Ephippiger diurnus Dufour, 1841","8356077","EXACT","97","ACCEPTED","SPECIES","Animalia","Arthropoda","Insecta","Orthoptera","Tettigoniidae","Ephippiger","Ephippiger diurnus","Ephippiger diurnus","Dufour, 1841"
,"Gomphocerripus rufus","Gomphocerripus rufus","11280978","EXACT","98","SYNONYM","SPECIES","Animalia","Arthropoda","Insecta","Orthoptera","Acrididae","Gomphocerippus","Gomphocerippus rufus","Gomphocerripus rufus",
,"Gryllus campestris","Gryllus campestris Linnaeus, 1758","1716462","EXACT","97","ACCEPTED","SPECIES","Animalia","Arthropoda","Insecta","Orthoptera","Gryllidae","Gryllus","Gryllus campestris","Gryllus campestris","Linnaeus, 1758"
,"Pseudochorthippus montanus","Pseudochorthippus montanus (Charpentier, 1825)","8423289","EXACT","99","ACCEPTED","SPECIES","Animalia","Arthropoda","Insecta","Orthoptera","Acrididae","Pseudochorthippus","Pseudochorthippus montanus","Pseudochorthippus montanus","(Charpentier, 1825) "
,"Stenobothrus stigmaticus","Stenobothrus stigmaticus (Rambur, 1838)","1710986","EXACT","97","ACCEPTED","SPECIES","Animalia","Arthropoda","Insecta","Orthoptera","Acrididae","Stenobothrus","Stenobothrus stigmaticus","Stenobothrus stigmaticus","(Rambur, 1838) "
,"Tetrix tenuicornis","Tetrix tenuicornis (Sahlberg, 1891)","1681181","EXACT","97","ACCEPTED","SPECIES","Animalia","Arthropoda","Insecta","Orthoptera","Tetrigidae","Tetrix","Tetrix tenuicornis","Tetrix tenuicornis","(Sahlberg, 1891) "
,"Anthoceros caucasicus Steph.","Anthoceros caucasicus Steph.","6096604","EXACT","100","ACCEPTED","SPECIES","Plantae","Anthocerotophyta","Anthocerotopsida","Anthocerotales","Anthocerotaceae","Anthoceros","Anthoceros caucasicus","Anthoceros caucasicus","Steph."
,"Anthoceros punctatus L.","Anthoceros punctatus L.","2689594","EXACT","100","ACCEPTED","SPECIES","Plantae","Anthocerotophyta","Anthocerotopsida","Anthocerotales","Anthocerotaceae","Anthoceros","Anthoceros punctatus","Anthoceros punctatus","L."
,"Phaeoceros carolinianus (Michx.) Prosk.","Phaeoceros carolinianus (Michx.) Prosk.","4277778","EXACT","100","ACCEPTED","SPECIES","Plantae","Anthocerotophyta","Anthocerotopsida","Notothyladales","Notothyladaceae","Phaeoceros","Phaeoceros carolinianus","Phaeoceros carolinianus","(Michx.) Prosk."
,"Adalia bipunctata","Adalia bipunctata (Linnaeus, 1758)","1043097","EXACT","99","ACCEPTED","SPECIES","Animalia","Arthropoda","Insecta","Coleoptera","Coccinellidae","Adalia","Adalia bipunctata","Adalia bipunctata","(Linnaeus, 1758) "
,"Chilocorus bipustulatus","Chilocorus bipustulatus (Linnaeus, 1758)","1043495","EXACT","99","ACCEPTED","SPECIES","Animalia","Arthropoda","Insecta","Coleoptera","Coccinellidae","Chilocorus","Chilocorus bipustulatus","Chilocorus bipustulatus","(Linnaeus, 1758) "
,"Coccinella hieroglyphica","Coccinella hieroglyphica Linnaeus, 1758","4990184","EXACT","97","DOUBTFUL","SPECIES","Animalia","Arthropoda","Insecta","Coleoptera","Coccinellidae","Coccinella","Coccinella hieroglyphica","Coccinella hieroglyphica","Linnaeus, 1758"
,"Coccinella magnifica","Coccinella magnifica Redtenbacher, 1843","5877906","EXACT","99","ACCEPTED","SPECIES","Animalia","Arthropoda","Insecta","Coleoptera","Coccinellidae","Coccinella","Coccinella magnifica","Coccinella magnifica","Redtenbacher, 1843"
,"Cynegetis impunctata","Cynegetis impunctata (Linnaeus, 1758)","4452265","EXACT","99","ACCEPTED","SPECIES","Animalia","Arthropoda","Insecta","Coleoptera","Coccinellidae","Cynegetis","Cynegetis impunctata","Cynegetis impunctata","(Linnaeus, 1758) "
,"Exochomus nigromaculatus","Exochomus nigromaculatus (Goeze, 1777)","4452284","EXACT","98","SYNONYM","SPECIES","Animalia","Arthropoda","Insecta","Coleoptera","Coccinellidae","Parexochomus","Parexochomus nigromaculatus","Exochomus nigromaculatus","(Goeze, 1777) "
,"Hippodamia tredecimpunctata","Hippodamia tredecimpunctata (Linnaeus, 1758)","1043066","EXACT","99","ACCEPTED","SPECIES","Animalia","Arthropoda","Insecta","Coleoptera","Coccinellidae","Hippodamia","Hippodamia tredecimpunctata","Hippodamia tredecimpunctata","(Linnaeus, 1758) "
,"Myzia oblongoguttata","Myzia oblongoguttata (Linnaeus, 1758)","5749361","EXACT","99","ACCEPTED","SPECIES","Animalia","Arthropoda","Insecta","Coleoptera","Coccinellidae","Myzia","Myzia oblongoguttata","Myzia oblongoguttata","(Linnaeus, 1758) "
,"Platynaspis luteorubra","Platynaspis luteorubra (Goeze, 1777)","4452301","EXACT","99","ACCEPTED","SPECIES","Animalia","Arthropoda","Insecta","Coleoptera","Coccinellidae","Platynaspis","Platynaspis luteorubra","Platynaspis luteorubra","(Goeze, 1777) "
,"Aneura maxima (Schiffn.) Steph.","Aneura maxima (Schiffn.) Steph.","5286385","EXACT","100","ACCEPTED","SPECIES","Plantae","Marchantiophyta","Jungermanniopsida","Metzgeriales","Aneuraceae","Aneura","Aneura maxima","Aneura maxima","(Schiffn.) Steph."
,"Riccia huebeneriana Lindenb.","Riccia huebeneriana Lindenb.","5836563","EXACT","100","ACCEPTED","SPECIES","Plantae","Marchantiophyta","Marchantiopsida","Marchantiales","Ricciaceae","Riccia","Riccia huebeneriana","Riccia huebeneriana","Lindenb."
,"Riccia subbifurca Warnst. ex Croz.","Riccia subbifurca Warnst. ex Croz.","6096600","EXACT","100","ACCEPTED","SPECIES","Plantae","Marchantiophyta","Marchantiopsida","Marchantiales","Ricciaceae","Riccia","Riccia subbifurca","Riccia subbifurca","Warnst. ex Croz."
,"Riccia warnstorfii Limpr. ex Warnst.","Riccia warnstorfii Limpr. ex Warnst.","5931123","EXACT","100","ACCEPTED","SPECIES","Plantae","Marchantiophyta","Marchantiopsida","Marchantiales","Ricciaceae","Riccia","Riccia warnstorfii","Riccia warnstorfii","Limpr. ex Warnst."
,"Ricciocarpos natans (L.) Corda","Ricciocarpos natans (L.) Corda","2688638","EXACT","100","ACCEPTED","SPECIES","Plantae","Marchantiophyta","Marchantiopsida","Marchantiales","Ricciaceae","Ricciocarpos","Ricciocarpos natans","Ricciocarpos natans","(L.) Corda"
,"Scapania curta (Mart.) Dumort.","Scapania curta (Mart.) Dumort.","2689216","EXACT","100","ACCEPTED","SPECIES","Plantae","Marchantiophyta","Jungermanniopsida","Jungermanniales","Scapaniaceae","Scapania","Scapania curta","Scapania curta","(Mart.) Dumort."
,"Scapania irrigua (Nees) Nees","Scapania irrigua (Nees) Nees","2689217","EXACT","100","ACCEPTED","SPECIES","Plantae","Marchantiophyta","Jungermanniopsida","Jungermanniales","Scapaniaceae","Scapania","Scapania irrigua","Scapania irrigua","(Nees) Nees"
,"Scapania nemorea (L.) Grolle","Scapania nemorea (L.) Grolle","2689220","EXACT","100","ACCEPTED","SPECIES","Plantae","Marchantiophyta","Jungermanniopsida","Jungermanniales","Scapaniaceae","Scapania","Scapania nemorea","Scapania nemorea","(L.) Grolle"
,"Scapania undulata (L.) Dumort.","Scapania undulata (L.) Dumort.","2689218","EXACT","100","ACCEPTED","SPECIES","Plantae","Marchantiophyta","Jungermanniopsida","Jungermanniales","Scapaniaceae","Scapania","Scapania undulata","Scapania undulata","(L.) Dumort."
,"Calypogeia azurea Stotler & Crotz","Calypogeia azurea Stotler & Crotz","4276969","EXACT","100","ACCEPTED","SPECIES","Plantae","Marchantiophyta","Jungermanniopsida","Jungermanniales","Calypogeiaceae","Calypogeia","Calypogeia azurea","Calypogeia azurea","Stotler & Crotz"
,"Sphaerocarpos michelii Bellardi","Sphaerocarpos michelii Bellardi","5286305","EXACT","100","ACCEPTED","SPECIES","Plantae","Marchantiophyta","Marchantiopsida","Sphaerocarpales","Sphaerocarpaceae","Sphaerocarpos","Sphaerocarpos michelii","Sphaerocarpos michelii","Bellardi"
,"Trichocolea tomentella (Ehrh.) Dumort.","Trichocolea tomentella (Ehrh.) Dumort.","2689242","EXACT","100","ACCEPTED","SPECIES","Plantae","Marchantiophyta","Jungermanniopsida","Jungermanniales","Trichocoleaceae","Trichocolea","Trichocolea tomentella","Trichocolea tomentella","(Ehrh.) Dumort."
,"Calypogeia fissa (L.) Raddi","Calypogeia fissa (L.) Raddi","2689327","EXACT","100","ACCEPTED","SPECIES","Plantae","Marchantiophyta","Jungermanniopsida","Jungermanniales","Calypogeiaceae","Calypogeia","Calypogeia fissa","Calypogeia fissa","(L.) Raddi"
,"Calypogeia integristipula Steph.","Calypogeia integristipula Steph.","2689330","EXACT","100","ACCEPTED","SPECIES","Plantae","Marchantiophyta","Jungermanniopsida","Jungermanniales","Calypogeiaceae","Calypogeia","Calypogeia integristipula","Calypogeia integristipula","Steph."
,"Calypogeia sphagnicola (Arnell. & J.Perss.) Warnst. & Loeske","Calypogeia sphagnicola (Arnell & J.Perss.) Warnst. & Loeske","2689326","EXACT","100","ACCEPTED","SPECIES","Plantae","Marchantiophyta","Jungermanniopsida","Jungermanniales","Calypogeiaceae","Calypogeia","Calypogeia sphagnicola","Calypogeia sphagnicola","(Arnell & J.Perss.) Warnst. & Loeske"
,"Cephalozia bicuspidata (L.) Dumort.","Cephalozia bicuspidata (L.) Dumort.","2689152","EXACT","100","ACCEPTED","SPECIES","Plantae","Marchantiophyta","Jungermanniopsida","Jungermanniales","Cephaloziaceae","Cephalozia","Cephalozia bicuspidata","Cephalozia bicuspidata","(L.) Dumort."
,"Cephalozia connivens (Dicks.) Lindb.","Cephalozia connivens (Dicks.) Lindb.","2689150","EXACT","100","SYNONYM","SPECIES","Plantae","Marchantiophyta","Jungermanniopsida","Jungermanniales","Cephaloziaceae","Fuscocephaloziopsis","Fuscocephaloziopsis connivens","Cephalozia connivens","(Dicks.) Lindb."
,"Cephalozia lunulifolia (Dumort.) Dumort.","Cephalozia lunulifolia (Dumort.) Dumort.","2689151","EXACT","100","SYNONYM","SPECIES","Plantae","Marchantiophyta","Jungermanniopsida","Jungermanniales","Cephaloziaceae","Fuscocephaloziopsis","Fuscocephaloziopsis lunulifolia","Cephalozia lunulifolia","(Dumort.) Dumort."
,"Cephalozia macrostachya Kaal.","Cephalozia macrostachya Kaal.","2689149","EXACT","100","SYNONYM","SPECIES","Plantae","Marchantiophyta","Jungermanniopsida","Jungermanniales","Cephaloziaceae","Fuscocephaloziopsis","Fuscocephaloziopsis macrostachya","Cephalozia macrostachya","Kaal."
,"Cephalozia pleniceps (Austin) Lindb.","Cephalozia pleniceps (Austin) Lindb.","7259093","EXACT","100","SYNONYM","SPECIES","Plantae","Marchantiophyta","Jungermanniopsida","Jungermanniales","Cephaloziaceae","Fuscocephaloziopsis","Fuscocephaloziopsis pleniceps","Cephalozia pleniceps","(Austin) Lindb."
,"Cephaloziella divaricata (Sm.) Schiffn.","Cephaloziella divaricata (Sm.) Schiffn.","2688993","EXACT","100","ACCEPTED","SPECIES","Plantae","Marchantiophyta","Jungermanniopsida","Jungermanniales","Cephaloziellaceae","Cephaloziella","Cephaloziella divaricata","Cephaloziella divaricata","(Sm.) Schiffn."
,"Cephaloziella elachista (J.B.Jack ex Gottsche & Rabenh.) Schiffn.","Cephaloziella elachista (J.B.Jack ex Gottsche & Rabenh.) Schiffn.","8665053","EXACT","100","ACCEPTED","SPECIES","Plantae","Marchantiophyta","Jungermanniopsida","Jungermanniales","Cephaloziellaceae","Cephaloziella","Cephaloziella elachista","Cephaloziella elachista","(J.B.Jack ex Gottsche & Rabenh.) Schiffn."
,"Cephaloziella hampeana (Nees) Schiffn.","Cephaloziella hampeana (Nees) Schiffn.","4276706","EXACT","100","SYNONYM","SPECIES","Plantae","Marchantiophyta","Jungermanniopsida","Jungermanniales","Cephaloziellaceae","Cephaloziella","Cephaloziella hampeana","Cephaloziella hampeana","(Nees) Schiffn."
,"Cephaloziella stellulifera (Taylor ex Spruce) Schiffn.","Cephaloziella stellulifera (Taylor ex Spruce) Schiffn.","4926186","EXACT","100","DOUBTFUL","SPECIES","Plantae","Marchantiophyta","Jungermanniopsida","Jungermanniales","Cephaloziellaceae","Cephaloziella","Cephaloziella stellulifera","Cephaloziella stellulifera","(Taylor ex Spruce) Schiffn."
,"Chiloscyphus polyanthos (L.) Corda s.l.","Chiloscyphus polyanthos (L.) Corda","2689491","EXACT","100","ACCEPTED","SPECIES","Plantae","Marchantiophyta","Jungermanniopsida","Jungermanniales","Lophocoleaceae","Chiloscyphus","Chiloscyphus polyanthos","Chiloscyphus polyanthos","(L.) Corda"
,"Cladopodiella fluitans (Nees) H.Buch.","Cladopodiella fluitans (Nees) H.Buch","7794762","EXACT","100","SYNONYM","SPECIES","Plantae","Marchantiophyta","Jungermanniopsida","Jungermanniales","Cephaloziaceae","Odontoschisma","Odontoschisma fluitans","Cladopodiella fluitans","(Nees) H.Buch"
,"Cladopodiella francisci (Hook.) J?<c2>rg.","Cladopodiella francisci (Hook.) Jörg.","2689144","EXACT","100","SYNONYM","SPECIES","Plantae","Marchantiophyta","Jungermanniopsida","Jungermanniales","Cephaloziaceae","Odontoschisma","Odontoschisma francisci","Cladopodiella francisci","(Hook.) Jörg."
,"Barbilophozia attenuata (Mart.) Loeske","Barbilophozia attenuata (Mart.) Loeske","4277450","EXACT","100","SYNONYM","SPECIES","Plantae","Marchantiophyta","Jungermanniopsida","Jungermanniales","Anastrophyllaceae","Neoorthocaulis","Neoorthocaulis attenuatus","Barbilophozia attenuata","(Mart.) Loeske"
,"Conocephalum conicum (L.) Dumort. s.l. (inclusief Conocephalum salebrosum Szweykowski","Conocephalum conicum (L.) Dumort.","2688562","HIGHERRANK","97","ACCEPTED","SPECIES","Plantae","Marchantiophyta","Marchantiopsida","Marchantiales","Conocephalaceae","Conocephalum","Conocephalum conicum","Conocephalum conicum","(L.) Dumort."
,"Diplophyllum albicans (L.) Dumort.","Diplophyllum albicans (L.) Dumort.","5286350","EXACT","100","ACCEPTED","SPECIES","Plantae","Marchantiophyta","Jungermanniopsida","Jungermanniales","Scapaniaceae","Diplophyllum","Diplophyllum albicans","Diplophyllum albicans","(L.) Dumort."
,"Diplophyllum obtusifolium (Hook.) Dumort.","Diplophyllum obtusifolium (Hook.) Dumort.","5710147","EXACT","100","ACCEPTED","SPECIES","Plantae","Marchantiophyta","Jungermanniopsida","Jungermanniales","Scapaniaceae","Diplophyllum","Diplophyllum obtusifolium","Diplophyllum obtusifolium","(Hook.) Dumort."
,"Fossombronia caespitiformis De Not. ex Rabenh.","Fossombronia caespitiformis (Raddi) De Not. ex Rabenh.","7791481","EXACT","100","ACCEPTED","SPECIES","Plantae","Marchantiophyta","Jungermanniopsida","Fossombroniales","Fossombroniaceae","Fossombronia","Fossombronia caespitiformis","Fossombronia caespitiformis","(Raddi) De Not. ex Rabenh."
,"Fossombronia incurva Lindb.","Fossombronia incurva Lindb.","6096599","EXACT","100","ACCEPTED","SPECIES","Plantae","Marchantiophyta","Jungermanniopsida","Fossombroniales","Fossombroniaceae","Fossombronia","Fossombronia incurva","Fossombronia incurva","Lindb."
,"Fossombronia pusilla (L.) Nees","Fossombronia pusilla (L.) Nees","2688723","EXACT","100","ACCEPTED","SPECIES","Plantae","Marchantiophyta","Jungermanniopsida","Fossombroniales","Fossombroniaceae","Fossombronia","Fossombronia pusilla","Fossombronia pusilla","(L.) Nees"
,"Fossombronia wondraczekii (Corda) Lindb.","Fossombronia wondraczekii (Corda) Dumort. ex Lindb.","7527936","EXACT","100","ACCEPTED","SPECIES","Plantae","Marchantiophyta","Jungermanniopsida","Fossombroniales","Fossombroniaceae","Fossombronia","Fossombronia wondraczekii","Fossombronia wondraczekii","(Corda) Dumort. ex Lindb."
,"Frullania tamarisci (L.) Dumort.","Frullania tamarisci (L.) Dumort.","2688738","EXACT","100","ACCEPTED","SPECIES","Plantae","Marchantiophyta","Jungermanniopsida","Porellales","Frullaniaceae","Frullania","Frullania tamarisci","Frullania tamarisci","(L.) Dumort."
,"Barbilophozia barbata (Schmidel ex Schreb.) Loeske","Barbilophozia barbata (Schmidel ex Schreb.) Loeske","2689432","EXACT","100","ACCEPTED","SPECIES","Plantae","Marchantiophyta","Jungermanniopsida","Jungermanniales","Anastrophyllaceae","Barbilophozia","Barbilophozia barbata","Barbilophozia barbata","(Schmidel ex Schreb.) Loeske"
,"Gymnocolea inflata (Huds.) Dumort.","Gymnocolea inflata (Huds.) Dumort.","2689446","EXACT","100","ACCEPTED","SPECIES","Plantae","Marchantiophyta","Jungermanniopsida","Jungermanniales","Anastrophyllaceae","Gymnocolea","Gymnocolea inflata","Gymnocolea inflata","(Huds.) Dumort."
,"Jungermannia caespiticia Lindenb.","Jungermannia caespiticia Lindenb.","4277379","EXACT","100","ACCEPTED","SPECIES","Plantae","Marchantiophyta","Jungermanniopsida","Jungermanniales","Jungermanniaceae","Jungermannia","Jungermannia caespiticia","Jungermannia caespiticia","Lindenb."
,"Jungermannia gracillima Sm.","Jungermannia gracillima Sm.","4277385","EXACT","100","ACCEPTED","SPECIES","Plantae","Marchantiophyta","Jungermanniopsida","Jungermanniales","Jungermanniaceae","Jungermannia","Jungermannia gracillima","Jungermannia gracillima","Sm."
,"Jungermannia hyalina Lyell","Jungermannia hyalina Lyell","4277372","EXACT","100","ACCEPTED","SPECIES","Plantae","Marchantiophyta","Jungermanniopsida","Jungermanniales","Jungermanniaceae","Jungermannia","Jungermannia hyalina","Jungermannia hyalina","Lyell"
,"Kurzia pauciflora (Dicks.) Grolle","Kurzia pauciflora (Dicks.) Grolle","5710130","EXACT","100","ACCEPTED","SPECIES","Plantae","Marchantiophyta","Jungermanniopsida","Jungermanniales","Lepidoziaceae","Kurzia","Kurzia pauciflora","Kurzia pauciflora","(Dicks.) Grolle"
,"Kurzia sylvatica (A.Evans) Grolle","Kurzia sylvatica (A.Evans) Grolle","5710127","EXACT","100","ACCEPTED","SPECIES","Plantae","Marchantiophyta","Jungermanniopsida","Jungermanniales","Lepidoziaceae","Kurzia","Kurzia sylvatica","Kurzia sylvatica","(A.Evans) Grolle"
,"Leiocolea collaris (Nees) Schljakov","Leiocolea collaris (Nees) Schljakov","5837702","EXACT","100","SYNONYM","SPECIES","Plantae","Marchantiophyta","Jungermanniopsida","Jungermanniales","Jungermanniaceae","Mesoptychia","Mesoptychia collaris","Leiocolea collaris","(Nees) Schljakov"
,"Barbilophozia hatcheri (A.Evans) Loeske","Barbilophozia hatcheri (A.Evans) Loeske","2689433","EXACT","100","ACCEPTED","SPECIES","Plantae","Marchantiophyta","Jungermanniopsida","Jungermanniales","Anastrophyllaceae","Barbilophozia","Barbilophozia hatcheri","Barbilophozia hatcheri","(A.Evans) Loeske"
,"Lophocolea bidentata (L.) Dumort.","Lophocolea bidentata (L.) Dumort.","4276916","EXACT","100","ACCEPTED","SPECIES","Plantae","Marchantiophyta","Jungermanniopsida","Jungermanniales","Lophocoleaceae","Lophocolea","Lophocolea bidentata","Lophocolea bidentata","(L.) Dumort."
,"Lophozia bicrenata (Schmidel ex Hoffm.) Dumort.","Lophozia bicrenata (Schmidel ex Hoffm.) Dumort.","8679323","EXACT","100","ACCEPTED","SPECIES","Plantae","Marchantiophyta","Jungermanniopsida","Jungermanniales","Lophoziaceae","Lophozia","Lophozia bicrenata","Lophozia bicrenata","(Schmidel ex Hoffm.) Dumort."
,"Lophozia excisa (Dicks.) Dumort.","Lophozia excisa (Dicks.) Dumort.","4277239","EXACT","100","SYNONYM","SPECIES","Plantae","Marchantiophyta","Jungermanniopsida","Jungermanniales","Lophoziaceae","Lophoziopsis","Lophoziopsis excisa","Lophozia excisa","(Dicks.) Dumort."
,"Lophozia perssonii H.Buch & S.W.Arnell","Lophozia perssonii H.Buch & S.W.Arnell","4277246","EXACT","100","ACCEPTED","SPECIES","Plantae","Marchantiophyta","Jungermanniopsida","Jungermanniales","Lophoziaceae","Lophozia","Lophozia perssonii","Lophozia perssonii","H.Buch & S.W.Arnell"
,"Lophozia ventricosa (Dicks.) Dumort.","Lophozia ventricosa (Dicks.) Dumort.","2689212","EXACT","100","ACCEPTED","SPECIES","Plantae","Marchantiophyta","Jungermanniopsida","Jungermanniales","Lophoziaceae","Lophozia","Lophozia ventricosa","Lophozia ventricosa","(Dicks.) Dumort."
,"Metzgeria temperata Kuwah.","Metzgeria temperata Kuwah.","5710217","EXACT","100","ACCEPTED","SPECIES","Plantae","Marchantiophyta","Jungermanniopsida","Metzgeriales","Metzgeriaceae","Metzgeria","Metzgeria temperata","Metzgeria temperata","Kuwah."
,"Microlejeunea ulicina (Taylor) A.Evans","Microlejeunea ulicina (Taylor) A.Evans","8094333","EXACT","100","SYNONYM","SPECIES","Plantae","Marchantiophyta","Jungermanniopsida","Porellales","Lejeuneaceae","Microlejeunea","Microlejeunea ulicina","Microlejeunea ulicina","(Taylor) A.Evans"
,"Mylia anomala (Hook.) Gray","Mylia anomala (Hook.) Gray","5837638","EXACT","100","ACCEPTED","SPECIES","Plantae","Marchantiophyta","Jungermanniopsida","Jungermanniales","Myliaceae","Mylia","Mylia anomala","Mylia anomala","(Hook.) Gray"
,"Bazzania trilobata (L.) S.F.Gray","Bazzania trilobata (L.) Gray","2689063","EXACT","100","ACCEPTED","SPECIES","Plantae","Marchantiophyta","Jungermanniopsida","Jungermanniales","Lepidoziaceae","Bazzania","Bazzania trilobata","Bazzania trilobata","(L.) Gray"
,"Nardia geoscyphus (De Not.) Lindb.","Nardia geoscyphus (De Not.) Lindb.","4277470","EXACT","100","ACCEPTED","SPECIES","Plantae","Marchantiophyta","Jungermanniopsida","Jungermanniales","Gymnomitriaceae","Nardia","Nardia geoscyphus","Nardia geoscyphus","(De Not.) Lindb."
,"Nardia scalaris Gray","Nardia scalaris Gray","4277463","EXACT","100","ACCEPTED","SPECIES","Plantae","Marchantiophyta","Jungermanniopsida","Jungermanniales","Gymnomitriaceae","Nardia","Nardia scalaris","Nardia scalaris","Gray"
,"Nowellia curvifolia (Dicks.) Mitt.","Nowellia curvifolia (Dicks.) Mitt.","5286346","EXACT","100","ACCEPTED","SPECIES","Plantae","Marchantiophyta","Jungermanniopsida","Jungermanniales","Cephaloziaceae","Nowellia","Nowellia curvifolia","Nowellia curvifolia","(Dicks.) Mitt."
,"Odontoschisma denudatum (Mart.) Dumort.","Odontoschisma denudatum (Mart.) Dumort.","2689177","EXACT","100","ACCEPTED","SPECIES","Plantae","Marchantiophyta","Jungermanniopsida","Jungermanniales","Cephaloziaceae","Odontoschisma","Odontoschisma denudatum","Odontoschisma denudatum","(Mart.) Dumort."
,"Odontoschisma sphagni (Dicks.) Dumort.","Odontoschisma sphagni (Dicks.) Dumort.","2689176","EXACT","100","ACCEPTED","SPECIES","Plantae","Marchantiophyta","Jungermanniopsida","Jungermanniales","Cephaloziaceae","Odontoschisma","Odontoschisma sphagni","Odontoschisma sphagni","(Dicks.) Dumort."
,"Pallavicinia lyellii (Hook.) Carruth.","Pallavicinia lyellii (Hook.) Carruth.","5286309","EXACT","100","DOUBTFUL","SPECIES","Plantae","Marchantiophyta","Jungermanniopsida","Metzgeriales","Pallaviciniacea","Pallavicinia","Pallavicinia lyellii","Pallavicinia lyellii","(Hook.) Carruth."
,"Pellia epiphylla (L.) Corda","Pellia epiphylla (L.) Corda","2689550","EXACT","100","ACCEPTED","SPECIES","Plantae","Marchantiophyta","Jungermanniopsida","Pelliales","Pelliaceae","Pellia","Pellia epiphylla","Pellia epiphylla","(L.) Corda"
,"Pellia neesiana (Gottsche) Limpr.","Pellia neesiana (Gottsche) Limpr.","2689549","EXACT","100","ACCEPTED","SPECIES","Plantae","Marchantiophyta","Jungermanniopsida","Pelliales","Pelliaceae","Pellia","Pellia neesiana","Pellia neesiana","(Gottsche) Limpr."
,"Plagiochila asplenioides (L. emend. Taylor) Dumort.","Plagiochila asplenioides (L.) Dumort.","2688970","EXACT","97","ACCEPTED","SPECIES","Plantae","Marchantiophyta","Jungermanniopsida","Jungermanniales","Plagiochilaceae","Plagiochila","Plagiochila asplenioides","Plagiochila asplenioides","(L.) Dumort."
,"Plagiochila porelloides (Torrey ex Nees) Lindenb.","Plagiochila porelloides (Torr. ex Nees) Lindenb.","2688969","EXACT","100","ACCEPTED","SPECIES","Plantae","Marchantiophyta","Jungermanniopsida","Jungermanniales","Plagiochilaceae","Plagiochila","Plagiochila porelloides","Plagiochila porelloides","(Torr. ex Nees) Lindenb."
,"Preissia quadrata (Scop.) Nees","Preissia quadrata (Scop.) Nees","2688576","EXACT","100","SYNONYM","SPECIES","Plantae","Marchantiophyta","Marchantiopsida","Marchantiales","Marchantiaceae","Marchantia","Marchantia quadrata","Preissia quadrata","(Scop.) Nees"
,"Ptilidium ciliare (L.) Hampe","Ptilidium ciliare (L.) Hampe","2688706","EXACT","100","ACCEPTED","SPECIES","Plantae","Marchantiophyta","Jungermanniopsida","Ptilidiales","Ptilidiaceae","Ptilidium","Ptilidium ciliare","Ptilidium ciliare","(L.) Hampe"
,"Ptilidium pulcherrimum (Weber) Vainio","Ptilidium pulcherrimum (Weber) Vain.","2688707","EXACT","100","ACCEPTED","SPECIES","Plantae","Marchantiophyta","Jungermanniopsida","Ptilidiales","Ptilidiaceae","Ptilidium","Ptilidium pulcherrimum","Ptilidium pulcherrimum","(Weber) Vain."
,"Reboulia hemisphaerica (L.) Raddi","Reboulia hemisphaerica (L.) Raddi","2688584","EXACT","100","ACCEPTED","SPECIES","Plantae","Marchantiophyta","Marchantiopsida","Marchantiales","Aytoniaceae","Reboulia","Reboulia hemisphaerica","Reboulia hemisphaerica","(L.) Raddi"
,"Riccardia chamedryfolia (With.) Grolle","Riccardia chamedryfolia (With.) Grolle","2689533","EXACT","100","ACCEPTED","SPECIES","Plantae","Marchantiophyta","Jungermanniopsida","Metzgeriales","Aneuraceae","Riccardia","Riccardia chamedryfolia","Riccardia chamedryfolia","(With.) Grolle"
,"Riccardia latifrons (Lindb.) Lindb.","Riccardia latifrons (Lindb.) Lindb.","4277582","EXACT","100","ACCEPTED","SPECIES","Plantae","Marchantiophyta","Jungermanniopsida","Metzgeriales","Aneuraceae","Riccardia","Riccardia latifrons","Riccardia latifrons","(Lindb.) Lindb."
,"Riccardia multifida (L.) Gray","Riccardia multifida (L.) Gray","2689535","EXACT","100","ACCEPTED","SPECIES","Plantae","Marchantiophyta","Jungermanniopsida","Metzgeriales","Aneuraceae","Riccardia","Riccardia multifida","Riccardia multifida","(L.) Gray"
,"Riccardia palmata (Hedw.) Carruth.","Riccardia palmata (Hedw.) Carruth.","4277590","EXACT","100","ACCEPTED","SPECIES","Plantae","Marchantiophyta","Jungermanniopsida","Metzgeriales","Aneuraceae","Riccardia","Riccardia palmata","Riccardia palmata","(Hedw.) Carruth."
,"Riccia beyrichiana Hampe ex Lehm.","Riccia beyrichiana Hampe ex Lehm.","5286299","EXACT","100","DOUBTFUL","SPECIES","Plantae","Marchantiophyta","Marchantiopsida","Marchantiales","Ricciaceae","Riccia","Riccia beyrichiana","Riccia beyrichiana","Hampe ex Lehm."
,"Riccia canaliculata Hoffm.","Riccia canaliculata Hoffm.","5710075","EXACT","100","ACCEPTED","SPECIES","Plantae","Marchantiophyta","Marchantiopsida","Marchantiales","Ricciaceae","Riccia","Riccia canaliculata","Riccia canaliculata","Hoffm."
,"Riccia crozalsii Levier","Riccia crozalsii Levier","6096601","EXACT","100","ACCEPTED","SPECIES","Plantae","Marchantiophyta","Marchantiopsida","Marchantiales","Ricciaceae","Riccia","Riccia crozalsii","Riccia crozalsii","Levier"
,"Riccia fluitans L.","Riccia fluitans L.","8244689","EXACT","100","ACCEPTED","SPECIES","Plantae","Marchantiophyta","Marchantiopsida","Marchantiales","Ricciaceae","Riccia","Riccia fluitans","Riccia fluitans","L."
,"Riccia glauca L.","Riccia glauca L.","5286298","EXACT","100","ACCEPTED","SPECIES","Plantae","Marchantiophyta","Marchantiopsida","Marchantiales","Ricciaceae","Riccia","Riccia glauca","Riccia glauca","L."
,"Castor fiber","Castor fiber Linnaeus, 1758","4409131","EXACT","99","ACCEPTED","SPECIES","Animalia","Chordata","Mammalia","Rodentia","Castoridae","Castor","Castor fiber","Castor fiber","Linnaeus, 1758"
,"Cervus elaphus","Cervus elaphus Linnaeus, 1758","2440958","EXACT","99","ACCEPTED","SPECIES","Animalia","Chordata","Mammalia","Artiodactyla","Cervidae","Cervus","Cervus elaphus","Cervus elaphus","Linnaeus, 1758"
,"Cricetus cricetus","Cricetus cricetus (Linnaeus, 1758)","2438704","EXACT","99","ACCEPTED","SPECIES","Animalia","Chordata","Mammalia","Rodentia","Cricetidae","Cricetus","Cricetus cricetus","Cricetus cricetus","(Linnaeus, 1758) "
,"Crocidura leucodon","Crocidura leucodon (Hermann, 1780)","2435723","EXACT","99","ACCEPTED","SPECIES","Animalia","Chordata","Mammalia","Soricomorpha","Soricidae","Crocidura","Crocidura leucodon","Crocidura leucodon","(Hermann, 1780) "
,"Eliomys quercinus","Eliomys quercinus (Linnaeus, 1766)","2439683","EXACT","99","ACCEPTED","SPECIES","Animalia","Chordata","Mammalia","Rodentia","Gliridae","Eliomys","Eliomys quercinus","Eliomys quercinus","(Linnaeus, 1766) "
,"Eptesicus serotinus","Eptesicus serotinus (Schreber, 1774)","2432359","EXACT","99","ACCEPTED","SPECIES","Animalia","Chordata","Mammalia","Chiroptera","Vespertilionidae","Eptesicus","Eptesicus serotinus","Eptesicus serotinus","(Schreber, 1774) "
,"Felis silvestris","Felis silvestris Schreber, 1777","7964291","EXACT","99","ACCEPTED","SPECIES","Animalia","Chordata","Mammalia","Carnivora","Felidae","Felis","Felis silvestris","Felis silvestris","Schreber, 1777"
,"Halichoerus grypus","Halichoerus grypus (Fabricius, 1791)","2434806","EXACT","99","ACCEPTED","SPECIES","Animalia","Chordata","Mammalia","Carnivora","Phocidae","Halichoerus","Halichoerus grypus","Halichoerus grypus","(Fabricius, 1791) "
,"Lutra lutra","Lutra lutra (Linnaeus, 1758)","2433753","EXACT","99","ACCEPTED","SPECIES","Animalia","Chordata","Mammalia","Carnivora","Mustelidae","Lutra","Lutra lutra","Lutra lutra","(Linnaeus, 1758) "
,"Martes martes","Martes martes (Linnaeus, 1758)","5218878","EXACT","99","ACCEPTED","SPECIES","Animalia","Chordata","Mammalia","Carnivora","Mustelidae","Martes","Martes martes","Martes martes","(Linnaeus, 1758) "
,"Meles meles","Meles meles (Linnaeus, 1758)","2433875","EXACT","99","ACCEPTED","SPECIES","Animalia","Chordata","Mammalia","Carnivora","Mustelidae","Meles","Meles meles","Meles meles","(Linnaeus, 1758) "
,"Muscardinus avellanarius","Muscardinus avellanarius (Linnaeus, 1758)","2439658","EXACT","99","ACCEPTED","SPECIES","Animalia","Chordata","Mammalia","Rodentia","Gliridae","Muscardinus","Muscardinus avellanarius","Muscardinus avellanarius","(Linnaeus, 1758) "
,"Mustela erminea","Mustela erminea Linnaeus, 1758","5219019","EXACT","99","ACCEPTED","SPECIES","Animalia","Chordata","Mammalia","Carnivora","Mustelidae","Mustela","Mustela erminea","Mustela erminea","Linnaeus, 1758"
,"Mustela putorius","Mustela putorius Linnaeus, 1758","5218911","EXACT","99","ACCEPTED","SPECIES","Animalia","Chordata","Mammalia","Carnivora","Mustelidae","Mustela","Mustela putorius","Mustela putorius","Linnaeus, 1758"
,"Myotis bechsteinii","Myotis bechsteinii (Kuhl, 1817)","2432427","EXACT","98","ACCEPTED","SPECIES","Animalia","Chordata","Mammalia","Chiroptera","Vespertilionidae","Myotis","Myotis bechsteinii","Myotis bechsteinii","(Kuhl, 1817) "
,"Myotis dasycneme","Myotis dasycneme (Boie, 1825)","2432452","EXACT","99","ACCEPTED","SPECIES","Animalia","Chordata","Mammalia","Chiroptera","Vespertilionidae","Myotis","Myotis dasycneme","Myotis dasycneme","(Boie, 1825) "
,"Myotis emarginatus (S)","Myotis emarginatus (E.Geoffroy, 1806)","2432470","EXACT","95","ACCEPTED","SPECIES","Animalia","Chordata","Mammalia","Chiroptera","Vespertilionidae","Myotis","Myotis emarginatus","Myotis emarginatus","(E.Geoffroy, 1806) "
,"Myotis emarginatus (W)","Myotis emarginatus (E.Geoffroy, 1806)","2432470","EXACT","95","ACCEPTED","SPECIES","Animalia","Chordata","Mammalia","Chiroptera","Vespertilionidae","Myotis","Myotis emarginatus","Myotis emarginatus","(E.Geoffroy, 1806) "
,"Myotis myotis","Myotis myotis (Borkhausen, 1797)","2432416","EXACT","99","ACCEPTED","SPECIES","Animalia","Chordata","Mammalia","Chiroptera","Vespertilionidae","Myotis","Myotis myotis","Myotis myotis","(Borkhausen, 1797) "
,"Neomys fodiens","Neomys fodiens (Pennant, 1771)","2435767","EXACT","99","ACCEPTED","SPECIES","Animalia","Chordata","Mammalia","Soricomorpha","Soricidae","Neomys","Neomys fodiens","Neomys fodiens","(Pennant, 1771) "
,"Nyctalus leisleri","Nyctalus leisleri (Kuhl, 1817)","5218522","EXACT","99","ACCEPTED","SPECIES","Animalia","Chordata","Mammalia","Chiroptera","Vespertilionidae","Nyctalus","Nyctalus leisleri","Nyctalus leisleri","(Kuhl, 1817) "
,"Nyctalus noctula","Nyctalus noctula (Schreber, 1774)","5218524","EXACT","99","ACCEPTED","SPECIES","Animalia","Chordata","Mammalia","Chiroptera","Vespertilionidae","Nyctalus","Nyctalus noctula","Nyctalus noctula","(Schreber, 1774) "
,"Phocoena phocoena","Phocoena phocoena (Linnaeus, 1758)","2440669","EXACT","99","ACCEPTED","SPECIES","Animalia","Chordata","Mammalia","Cetacea","Phocoenidae","Phocoena","Phocoena phocoena","Phocoena phocoena","(Linnaeus, 1758) "
,"Plecotus austriacus","Plecotus austriacus (J.Fischer, 1829)","5739437","EXACT","98","ACCEPTED","SPECIES","Animalia","Chordata","Mammalia","Chiroptera","Vespertilionidae","Plecotus","Plecotus austriacus","Plecotus austriacus","(J.Fischer, 1829) "
,"Sorex minutus","Sorex minutus Linnaeus, 1766","7571319","EXACT","99","ACCEPTED","SPECIES","Animalia","Chordata","Mammalia","Soricomorpha","Soricidae","Sorex","Sorex minutus","Sorex minutus","Linnaeus, 1766"
,"Abietinella abietina (Hedw.) M.Fleisch.","Abietinella abietina Fleischer, 1923","5283402","EXACT","100","ACCEPTED","SPECIES","Plantae","Bryophyta","Bryopsida","Hypnales","Thuidiaceae","Abietinella","Abietinella abietina","Abietinella abietina","Fleischer, 1923"
,"Antitrichia curtipendula (Hedw.) Brid.","Antitrichia curtipendula Bridel, 1819","2678391","EXACT","100","ACCEPTED","SPECIES","Plantae","Bryophyta","Bryopsida","Leucodontales","Leucodontaceae","Antitrichia","Antitrichia curtipendula","Antitrichia curtipendula","Bridel, 1819"
,"Dicranum polysetum Sw. ex anon.","Dicranum polysetum Sw. ex Anon.","8367217","EXACT","100","DOUBTFUL","SPECIES","Plantae","Bryophyta","Bryopsida","Dicranales","Dicranaceae","Dicranum","Dicranum polysetum","Dicranum polysetum","Sw. ex Anon."
,"Dicranum spurium Hedw.","Dicranum spurium Hedwig, 1801","2675434","EXACT","100","ACCEPTED","SPECIES","Plantae","Bryophyta","Bryopsida","Dicranales","Dicranaceae","Dicranum","Dicranum spurium","Dicranum spurium","Hedwig, 1801"
,"Didymodon acutus (Brid.) K.Saito","Didymodon acutus (Brid.) K.Saito","5711152","EXACT","100","ACCEPTED","SPECIES","Plantae","Bryophyta","Bryopsida","Pottiales","Pottiaceae","Didymodon","Didymodon acutus","Didymodon acutus","(Brid.) K.Saito"
,"Archidium alternifolium (Hedw.) Mitt.","Archidium alternifolium Mitten, 1851","2673698","EXACT","100","ACCEPTED","SPECIES","Plantae","Bryophyta","Bryopsida","Archidiales","Archidiaceae","Archidium","Archidium alternifolium","Archidium alternifolium","Mitten, 1851"
,"Didymodon nicholsonii Culm.","Didymodon nicholsonii Culmann, 1907","5280214","EXACT","100","ACCEPTED","SPECIES","Plantae","Bryophyta","Bryopsida","Pottiales","Pottiaceae","Didymodon","Didymodon nicholsonii","Didymodon nicholsonii","Culmann, 1907"
,"Didymodon spadiceus (Mitt.) Limpr.","Didymodon spadiceus Limpricht, 1888","5280304","EXACT","100","ACCEPTED","SPECIES","Plantae","Bryophyta","Bryopsida","Pottiales","Pottiaceae","Didymodon","Didymodon spadiceus","Didymodon spadiceus","Limpricht, 1888"
,"Ditrichum flexicaule (Schw?<f1>gr.) Hampe s.l.","Ditrichum flexicaule Hampe, 1867","5282360","EXACT","99","ACCEPTED","SPECIES","Plantae","Bryophyta","Bryopsida","Dicranales","Ditrichaceae","Ditrichum","Ditrichum flexicaule","Ditrichum flexicaule","Hampe, 1867"
,"Ditrichum heteromallum (Hedw.) E.Britton","Ditrichum heteromallum Britton, 1913","5282385","EXACT","100","ACCEPTED","SPECIES","Plantae","Bryophyta","Bryopsida","Dicranales","Ditrichaceae","Ditrichum","Ditrichum heteromallum","Ditrichum heteromallum","Britton, 1913"
,"Atrichum angustatum (Brid.) Bruch & Schimp.","Atrichum angustatum Bruch & W.P.Schimper, 1844","2682949","EXACT","100","ACCEPTED","SPECIES","Plantae","Bryophyta","Bryopsida","Polytrichales","Polytrichaceae","Atrichum","Atrichum angustatum","Atrichum angustatum","Bruch & W.P.Schimper, 1844"
,"Ditrichum lineare (Sw.) Lindb.","Ditrichum lineare Lindberg, 1871","5282343","EXACT","100","ACCEPTED","SPECIES","Plantae","Bryophyta","Bryopsida","Dicranales","Ditrichaceae","Ditrichum","Ditrichum lineare","Ditrichum lineare","Lindberg, 1871"
,"Ditrichum pallidum (Hedw.) Hampe","Ditrichum pallidum Hampe, 1867","5282337","EXACT","100","ACCEPTED","SPECIES","Plantae","Bryophyta","Bryopsida","Dicranales","Ditrichaceae","Ditrichum","Ditrichum pallidum","Ditrichum pallidum","Hampe, 1867"
,"Ditrichum pusillum (Hedw.) Hampe","Ditrichum pusillum Hampe, 1867","5282341","EXACT","100","ACCEPTED","SPECIES","Plantae","Bryophyta","Bryopsida","Dicranales","Ditrichaceae","Ditrichum","Ditrichum pusillum","Ditrichum pusillum","Hampe, 1867"
,"Encalypta streptocarpa Hedw.","Encalypta streptocarpa Hedwig, 1801","5280149","EXACT","100","ACCEPTED","SPECIES","Plantae","Bryophyta","Bryopsida","Pottiales","Encalyptaceae","Encalypta","Encalypta streptocarpa","Encalypta streptocarpa","Hedwig, 1801"
,"Encalypta vulgaris Hedw.","Encalypta vulgaris Hedwig, 1801","5280176","EXACT","100","ACCEPTED","SPECIES","Plantae","Bryophyta","Bryopsida","Pottiales","Encalyptaceae","Encalypta","Encalypta vulgaris","Encalypta vulgaris","Hedwig, 1801"
,"Entodon concinnus (De Not.) Paris","Entodon concinnus Paris, 1904","5283863","EXACT","100","ACCEPTED","SPECIES","Plantae","Bryophyta","Bryopsida","Hypnales","Entodontaceae","Entodon","Entodon concinnus","Entodon concinnus","Paris, 1904"
,"Entosthodon fascicularis (Hedw.) M??ll.Hal","Entosthodon fascicularis C.Müller, 1848","2674045","EXACT","100","ACCEPTED","SPECIES","Plantae","Bryophyta","Bryopsida","Funariales","Funariaceae","Entosthodon","Entosthodon fascicularis","Entosthodon fascicularis","C.Müller, 1848"
,"Entosthodon obtusus (Hedw.) Lindb.","Entosthodon obtusus Lindberg, 1865","2674037","EXACT","100","ACCEPTED","SPECIES","Plantae","Bryophyta","Bryopsida","Funariales","Funariaceae","Entosthodon","Entosthodon obtusus","Entosthodon obtusus","Lindberg, 1865"
,"Ephemerum minutissimum Lindb.","Ephemerum minutissimum Lindb.","5710705","EXACT","100","ACCEPTED","SPECIES","Plantae","Bryophyta","Bryopsida","Pottiales","Pottiaceae","Ephemerum","Ephemerum minutissimum","Ephemerum minutissimum","Lindb."
,"Ephemerum serratum (Hedw.) Hampe","Ephemerum serratum Hampe, 1837","5281545","EXACT","100","ACCEPTED","SPECIES","Plantae","Bryophyta","Bryopsida","Funariales","Ephemeraceae","Ephemerum","Ephemerum serratum","Ephemerum serratum","Hampe, 1837"
,"Eucladium verticillatum (With.) Bruch & Schimp.","Eucladium verticillatum Bruch & W.P.Schimper, 1846","2671130","EXACT","100","ACCEPTED","SPECIES","Plantae","Bryophyta","Bryopsida","Pottiales","Pottiaceae","Eucladium","Eucladium verticillatum","Eucladium verticillatum","Bruch & W.P.Schimper, 1846"
,"Fissidens crassipes Wilson ex Bruch & Schimp.","Fissidens crassipes Wilson ex Bruch & W.P.Schimper, 1849","5283046","EXACT","100","ACCEPTED","SPECIES","Plantae","Bryophyta","Bryopsida","Fissidentales","Fissidentaceae","Fissidens","Fissidens crassipes","Fissidens crassipes","Wilson ex Bruch & W.P.Schimper, 1849"
,"Fissidens fontanus (Bach.Pyl.) Steud.","Fissidens fontanus Steudel, 1824","5283137","EXACT","100","ACCEPTED","SPECIES","Plantae","Bryophyta","Bryopsida","Fissidentales","Fissidentaceae","Fissidens","Fissidens fontanus","Fissidens fontanus","Steudel, 1824"
,"Fissidens gracilifolius Brugg.-Nann. & Nyholm","Fissidens gracilifolius Bruggeman-Nannenga & Nyholm, 1986","5283016","EXACT","100","ACCEPTED","SPECIES","Plantae","Bryophyta","Bryopsida","Fissidentales","Fissidentaceae","Fissidens","Fissidens gracilifolius","Fissidens gracilifolius","Bruggeman-Nannenga & Nyholm, 1986"
,"Fissidens osmundoides Hedw.","Fissidens osmundoides Hedwig, 1801","5283206","EXACT","100","ACCEPTED","SPECIES","Plantae","Bryophyta","Bryopsida","Fissidentales","Fissidentaceae","Fissidens","Fissidens osmundoides","Fissidens osmundoides","Hedwig, 1801"
,"Fissidens pusillus (Wilson) Milde","Fissidens pusillus (Wilson) Milde","5710759","EXACT","100","ACCEPTED","SPECIES","Plantae","Bryophyta","Bryopsida","Fissidentales","Fissidentaceae","Fissidens","Fissidens pusillus","Fissidens pusillus","(Wilson) Milde"
,"Fontinalis antipyretica Hedw.","Fontinalis antipyretica Hedwig, 1801","2673408","EXACT","100","DOUBTFUL","SPECIES","Plantae","Bryophyta","Bryopsida","Isobryales","Fontinalaceae","Fontinalis","Fontinalis antipyretica","Fontinalis antipyretica","Hedwig, 1801"
,"Grimmia anodon Bruch & Schimp.","Grimmia anodon Bruch & W.P.Schimper, 1845","5281711","EXACT","100","ACCEPTED","SPECIES","Plantae","Bryophyta","Bryopsida","Grimmiales","Grimmiaceae","Grimmia","Grimmia anodon","Grimmia anodon","Bruch & W.P.Schimper, 1845"
,"Grimmia dissimulata E.Maier","Grimmia dissimulata E.Maier, 2002","5281775","EXACT","100","ACCEPTED","SPECIES","Plantae","Bryophyta","Bryopsida","Grimmiales","Grimmiaceae","Grimmia","Grimmia dissimulata","Grimmia dissimulata","E.Maier, 2002"
,"Grimmia laevigata (Brid.) Brid.","Grimmia laevigata Bridel, 1826","5281784","EXACT","100","ACCEPTED","SPECIES","Plantae","Bryophyta","Bryopsida","Grimmiales","Grimmiaceae","Grimmia","Grimmia laevigata","Grimmia laevigata","Bridel, 1826"
,"Grimmia orbicularis Bruch ex Wilson","Grimmia orbicularis Bruch ex Wilson","8311636","EXACT","100","DOUBTFUL","SPECIES","Plantae","Bryophyta","Bryopsida","Grimmiales","Grimmiaceae","Grimmia","Grimmia orbicularis","Grimmia orbicularis","Bruch ex Wilson"
,"Grimmia ovalis (Hedw.) Lindb.","Grimmia ovalis Lindberg, 1871","5281803","EXACT","100","ACCEPTED","SPECIES","Plantae","Bryophyta","Bryopsida","Grimmiales","Grimmiaceae","Grimmia","Grimmia ovalis","Grimmia ovalis","Lindberg, 1871"
,"Grimmia tergestina Tomm. ex Bruch & Schimp.","Grimmia tergestina Tomm. ex Bruch & Schimp.","7777829","EXACT","100","DOUBTFUL","SPECIES","Plantae","Bryophyta","Bryopsida","Grimmiales","Grimmiaceae","Grimmia","Grimmia tergestina","Grimmia tergestina","Tomm. ex Bruch & Schimp."
,"Habrodon perpusillus (De Not.) Lindb.","Habrodon perpusillus Lindberg, 1863","2681316","EXACT","100","ACCEPTED","SPECIES","Plantae","Bryophyta","Bryopsida","Hypnales","Leskeaceae","Habrodon","Habrodon perpusillus","Habrodon perpusillus","Lindberg, 1863"
,"Hamatocaulis vernicosus (Mitt.) Heden?<f1>s","Hamatocaulis vernicosus Hedenäs, 1989","2681714","EXACT","100","ACCEPTED","SPECIES","Plantae","Bryophyta","Bryopsida","Hypnales","Amblystegiaceae","Hamatocaulis","Hamatocaulis vernicosus","Hamatocaulis vernicosus","Hedenäs, 1989"
,"Hedwigia ciliata (Hedw.) P.Beauv.","Hedwigia ciliata Palisot de Beauvois, 1805","5282914","EXACT","100","ACCEPTED","SPECIES","Plantae","Bryophyta","Bryopsida","Leucodontales","Hedwigiaceae","Hedwigia","Hedwigia ciliata","Hedwigia ciliata","Palisot de Beauvois, 1805"
,"Hennediella heimii (Hedw.) R.H.Zander","Hennediella heimii Zander, 1993","2670762","EXACT","100","ACCEPTED","SPECIES","Plantae","Bryophyta","Bryopsida","Pottiales","Pottiaceae","Hennediella","Hennediella heimii","Hennediella heimii","Zander, 1993"
,"Hookeria lucens (Hedw.) Sm.","Hookeria lucens Smith, 1808","5280020","EXACT","100","ACCEPTED","SPECIES","Plantae","Bryophyta","Bryopsida","Hookeriales","Hookeriaceae","Hookeria","Hookeria lucens","Hookeria lucens","Smith, 1808"
,"Hygroamblystegium fluviatile (Hedw.) Loeske","Hygroamblystegium fluviatile Loeske, 1903","2681736","EXACT","100","ACCEPTED","SPECIES","Plantae","Bryophyta","Bryopsida","Hypnales","Amblystegiaceae","Hygroamblystegium","Hygroamblystegium fluviatile","Hygroamblystegium fluviatile","Loeske, 1903"
,"Hygroamblystegium tenax (Hedw.) Jenn.","Hygroamblystegium tenax Jennings, 1913","2681735","EXACT","100","ACCEPTED","SPECIES","Plantae","Bryophyta","Bryopsida","Hypnales","Amblystegiaceae","Hygroamblystegium","Hygroamblystegium tenax","Hygroamblystegium tenax","Jennings, 1913"
,"Hypnum imponens Hedw.","Hypnum imponens Hedwig, 1801","2681995","EXACT","100","ACCEPTED","SPECIES","Plantae","Bryophyta","Bryopsida","Hypnales","Hypnaceae","Hypnum","Hypnum imponens","Hypnum imponens","Hedwig, 1801"
,"Hypnum pallescens (Hedw.) P.Beauv.","Hypnum pallescens Palisot de Beauvois, 1805","2682012","EXACT","100","ACCEPTED","SPECIES","Plantae","Bryophyta","Bryopsida","Hypnales","Hypnaceae","Hypnum","Hypnum pallescens","Hypnum pallescens","Palisot de Beauvois, 1805"
,"Leptobarbula berica (De Not.) Schimp.","Leptobarbula berica W.P.Schimper, 1876","2671124","EXACT","100","ACCEPTED","SPECIES","Plantae","Bryophyta","Bryopsida","Pottiales","Pottiaceae","Leptobarbula","Leptobarbula berica","Leptobarbula berica","W.P.Schimper, 1876"
,"Leptodon smithii (Hedw.) F.Weber & D.Mohr","Leptodon smithii Weber & D.Mohr, 1803","5282898","EXACT","100","ACCEPTED","SPECIES","Plantae","Bryophyta","Bryopsida","Leucodontales","Leptodontaceae","Leptodon","Leptodon smithii","Leptodon smithii","Weber & D.Mohr, 1803"
,"Leptodontium flexifolium (Dicks.) Hampe","Leptodontium flexifolium Hampe, 1864","5280722","EXACT","100","ACCEPTED","SPECIES","Plantae","Bryophyta","Bryopsida","Pottiales","Pottiaceae","Leptodontium","Leptodontium flexifolium","Leptodontium flexifolium","Hampe, 1864"
,"Leptodontium gemmascens (Mitt.) Braithw.","Leptodontium gemmascens Braithwaite, 1887","5280724","EXACT","100","ACCEPTED","SPECIES","Plantae","Bryophyta","Bryopsida","Pottiales","Pottiaceae","Leptodontium","Leptodontium gemmascens","Leptodontium gemmascens","Braithwaite, 1887"
,"Bartramia pomiformis Hedw.","Bartramia pomiformis Hedwig, 1801","5282468","EXACT","100","DOUBTFUL","SPECIES","Plantae","Bryophyta","Bryopsida","Bryales","Bartramiaceae","Bartramia","Bartramia pomiformis","Bartramia pomiformis","Hedwig, 1801"
,"Loeskeobryum brevirostre (Brid.) M.Fleisch.","Loeskeobryum brevirostre Fleischer, 1925","2679701","EXACT","100","ACCEPTED","SPECIES","Plantae","Bryophyta","Bryopsida","Hypnales","Hylocomiaceae","Loeskeobryum","Loeskeobryum brevirostre","Loeskeobryum brevirostre","Fleischer, 1925"
,"Microbryum curvicollum (Hedw.) R.H.Zander","Microbryum curvicollum (Hedw.) R.H.Zander","7827922","EXACT","100","ACCEPTED","SPECIES","Plantae","Bryophyta","Bryopsida","Pottiales","Pottiaceae","Microbryum","Microbryum curvicollum","Microbryum curvicollum","(Hedw.) R.H.Zander"
,"Microbryum davallianum (Sm.) R.H.Zander","Microbryum davallianum Zander, 1993","2671418","EXACT","100","ACCEPTED","SPECIES","Plantae","Bryophyta","Bryopsida","Pottiales","Pottiaceae","Microbryum","Microbryum davallianum","Microbryum davallianum","Zander, 1993"
,"Microbryum floerkeanum (F.Weber & D.Mohr) Schimp.","Microbryum floerkeanum W.P.Schimper, 1860","2671430","EXACT","100","ACCEPTED","SPECIES","Plantae","Bryophyta","Bryopsida","Pottiales","Pottiaceae","Microbryum","Microbryum floerkeanum","Microbryum floerkeanum","W.P.Schimper, 1860"
,"Micromitrium tenerum (Bruch & Schimp.) Crosby","Micromitrium tenerum Crosby, 1968","5281519","EXACT","100","ACCEPTED","SPECIES","Plantae","Bryophyta","Bryopsida","Funariales","Ephemeraceae","Micromitrium","Micromitrium tenerum","Micromitrium tenerum","Crosby, 1968"
,"Mnium marginatum (Dicks.) P.Beauv.","Mnium marginatum Palisot de Beauvois, 1805","5282706","EXACT","100","ACCEPTED","SPECIES","Plantae","Bryophyta","Bryopsida","Bryales","Mniaceae","Mnium","Mnium marginatum","Mnium marginatum","Palisot de Beauvois, 1805"
,"Acaulon muticum (Hedw.) M??ll.Hal.","Acaulon muticum C.Müller, 1847","7941056","EXACT","100","ACCEPTED","SPECIES","Plantae","Bryophyta","Bryopsida","Pottiales","Pottiaceae","Acaulon","Acaulon muticum","Acaulon muticum","C.Müller, 1847"
,"Mnium stellare Hedw.","Mnium stellare Reichard ex Hedwig, 1801","5282686","EXACT","100","ACCEPTED","SPECIES","Plantae","Bryophyta","Bryopsida","Bryales","Mniaceae","Mnium","Mnium stellare","Mnium stellare","Reichard ex Hedwig, 1801"
,"Neckera crispa Hedw.","Neckera crispa Hedwig, 1801","2678545","EXACT","100","ACCEPTED","SPECIES","Plantae","Bryophyta","Bryopsida","Leucodontales","Neckeraceae","Neckera","Neckera crispa","Neckera crispa","Hedwig, 1801"
,"Neckera pumila Hedw.","Neckera pumila Hedwig, 1801","2678567","EXACT","100","ACCEPTED","SPECIES","Plantae","Bryophyta","Bryopsida","Leucodontales","Neckeraceae","Neckera","Neckera pumila","Neckera pumila","Hedwig, 1801"
,"Oligotrichum hercynicum (Hedw.) Lam. & DC.","Oligotrichum hercynicum Lamarck & A.P.de Candolle, 1805","2683049","EXACT","100","ACCEPTED","SPECIES","Plantae","Bryophyta","Bryopsida","Polytrichales","Polytrichaceae","Oligotrichum","Oligotrichum hercynicum","Oligotrichum hercynicum","Lamarck & A.P.de Candolle, 1805"
,"Orthotrichum acuminatum Philib.","Orthotrichum acuminatum Philibert, 1881","2672674","EXACT","100","ACCEPTED","SPECIES","Plantae","Bryophyta","Bryopsida","Orthotrichales","Orthotrichaceae","Orthotrichum","Orthotrichum acuminatum","Orthotrichum acuminatum","Philibert, 1881"
,"Orthotrichum consimile Mitt.","Orthotrichum consimile Mitten, 1864","2672761","EXACT","100","ACCEPTED","SPECIES","Plantae","Bryophyta","Bryopsida","Orthotrichales","Orthotrichaceae","Orthotrichum","Orthotrichum consimile","Orthotrichum consimile","Mitten, 1864"
,"Orthotrichum ibericum F.Lara & Mazimpaka","Orthotrichum ibericum F.Lara & Mazimpaka, 1993","2672671","EXACT","100","ACCEPTED","SPECIES","Plantae","Bryophyta","Bryopsida","Orthotrichales","Orthotrichaceae","Orthotrichum","Orthotrichum ibericum","Orthotrichum ibericum","F.Lara & Mazimpaka, 1993"
,"Orthotrichum rogeri Brid.","Orthotrichum rogeri Bridel, 1812","2672681","EXACT","100","ACCEPTED","SPECIES","Plantae","Bryophyta","Bryopsida","Orthotrichales","Orthotrichaceae","Orthotrichum","Orthotrichum rogeri","Orthotrichum rogeri","Bridel, 1812"
,"Brachythecium glareosum (Bruch ex Spruce) Schimp.","Brachythecium glareosum W.P.Schimper, 1853","2680019","EXACT","100","ACCEPTED","SPECIES","Plantae","Bryophyta","Bryopsida","Hypnales","Brachytheciaceae","Brachythecium","Brachythecium glareosum","Brachythecium glareosum","W.P.Schimper, 1853"
,"Orthotrichum rupestre Schleich. ex Schw?<f1>gr.","Orthotrichum rupestre Schleicher ex Schwaegrichen, 1816","2672669","EXACT","100","ACCEPTED","SPECIES","Plantae","Bryophyta","Bryopsida","Orthotrichales","Orthotrichaceae","Orthotrichum","Orthotrichum rupestre","Orthotrichum rupestre","Schleicher ex Schwaegrichen, 1816"
,"Orthotrichum scanicum Gr?<c2>nvall","Orthotrichum scanicum Grönvall, 1885","2672644","EXACT","100","ACCEPTED","SPECIES","Plantae","Bryophyta","Bryopsida","Orthotrichales","Orthotrichaceae","Orthotrichum","Orthotrichum scanicum","Orthotrichum scanicum","Grönvall, 1885"
,"Orthotrichum sprucei Mont.","Orthotrichum sprucei Montagne, 1845","2672751","EXACT","100","ACCEPTED","SPECIES","Plantae","Bryophyta","Bryopsida","Orthotrichales","Orthotrichaceae","Orthotrichum","Orthotrichum sprucei","Orthotrichum sprucei","Montagne, 1845"
,"Oxyrrhynchium schleicheri (R.Hedw.) R?<c2>ll","Oxyrrhynchium schleicheri (R.Hedw.) Röll","7404708","EXACT","100","ACCEPTED","SPECIES","Plantae","Bryophyta","Bryopsida","Hypnales","Brachytheciaceae","Oxyrrhynchium","Oxyrrhynchium schleicheri","Oxyrrhynchium schleicheri","(R.Hedw.) Röll"
,"Palustriella commutata (Hedw.) Ochyra s.l.","Palustriella commutata Ochyra, 1989","2681729","EXACT","100","ACCEPTED","SPECIES","Plantae","Bryophyta","Bryopsida","Hypnales","Amblystegiaceae","Palustriella","Palustriella commutata","Palustriella commutata","Ochyra, 1989"
,"Philonotis arnellii Husn.","Philonotis arnellii Husnot, 1890","2676211","EXACT","100","ACCEPTED","SPECIES","Plantae","Bryophyta","Bryopsida","Bryales","Bartramiaceae","Philonotis","Philonotis arnellii","Philonotis arnellii","Husnot, 1890"
,"Philonotis caespitosa Jur.","Philonotis caespitosa Jur.","4280334","EXACT","100","ACCEPTED","SPECIES","Plantae","Bryophyta","Bryopsida","Bryales","Bartramiaceae","Philonotis","Philonotis caespitosa","Philonotis caespitosa","Jur."
,"Philonotis calcarea (Bruch & Schimp.) Schimp.","Philonotis calcarea W.P.Schimper, 1856","2676091","EXACT","100","ACCEPTED","SPECIES","Plantae","Bryophyta","Bryopsida","Bryales","Bartramiaceae","Philonotis","Philonotis calcarea","Philonotis calcarea","W.P.Schimper, 1856"
,"Philonotis marchica (Hedw.) Brid.","Philonotis marchica Bridel, 1827","2676079","EXACT","100","ACCEPTED","SPECIES","Plantae","Bryophyta","Bryopsida","Bryales","Bartramiaceae","Philonotis","Philonotis marchica","Philonotis marchica","Bridel, 1827"
,"Physcomitrella patens (Hedw.) Bruch & Schimp.","Physcomitrella patens Bruch & W.P.Schimper, 1849","2674024","EXACT","100","ACCEPTED","SPECIES","Plantae","Bryophyta","Bryopsida","Funariales","Funariaceae","Physcomitrella","Physcomitrella patens","Physcomitrella patens","Bruch & W.P.Schimper, 1849"
,"Physcomitrium eurystomum Sendtn.","Physcomitrium eurystomum Sendtner, 1841","2673966","EXACT","100","ACCEPTED","SPECIES","Plantae","Bryophyta","Bryopsida","Funariales","Funariaceae","Physcomitrium","Physcomitrium eurystomum","Physcomitrium eurystomum","Sendtner, 1841"
,"Physcomitrium pyriforme (Hedw.) Bruch & Schimp.","Physcomitrium pyriforme (Hedw.) Bruch & Schimp.","8210228","EXACT","100","DOUBTFUL","SPECIES","Plantae","Bryophyta","Bryopsida","Funariales","Funariaceae","Physcomitrium","Physcomitrium pyriforme","Physcomitrium pyriforme","(Hedw.) Bruch & Schimp."
,"Physcomitrium sphaericum (C.F.Ludw. ex Schkuhr) Brid.","Physcomitrium sphaericum (C.F.Ludw. ex Schkuhr) Brid.","7494618","EXACT","100","DOUBTFUL","SPECIES","Plantae","Bryophyta","Bryopsida","Funariales","Funariaceae","Physcomitrium","Physcomitrium sphaericum","Physcomitrium sphaericum","(C.F.Ludw. ex Schkuhr) Brid."
,"Plagiomnium cuspidatum (Hedw.) T.J.Kop.","Plagiomnium cuspidatum T.Koponen, 1968","2677629","EXACT","100","ACCEPTED","SPECIES","Plantae","Bryophyta","Bryopsida","Bryales","Mniaceae","Plagiomnium","Plagiomnium cuspidatum","Plagiomnium cuspidatum","T.Koponen, 1968"
,"Plagiothecium cavifolium (Brid.) Z.Iwats.","Plagiothecium cavifolium Iwatsuki, 1970","5283487","EXACT","100","ACCEPTED","SPECIES","Plantae","Bryophyta","Bryopsida","Hypnales","Plagiotheciaceae","Plagiothecium","Plagiothecium cavifolium","Plagiothecium cavifolium","Iwatsuki, 1970"
,"Plagiothecium latebricola Schimp.","Plagiothecium latebricola W.P.Schimper, 1851","5283476","EXACT","100","ACCEPTED","SPECIES","Plantae","Bryophyta","Bryopsida","Hypnales","Plagiotheciaceae","Plagiothecium","Plagiothecium latebricola","Plagiothecium latebricola","W.P.Schimper, 1851"
,"Plagiothecium nemorale (Mitt.) A.Jaeger","Plagiothecium nemorale Jaeger, 1878","5283457","EXACT","100","ACCEPTED","SPECIES","Plantae","Bryophyta","Bryopsida","Hypnales","Plagiotheciaceae","Plagiothecium","Plagiothecium nemorale","Plagiothecium nemorale","Jaeger, 1878"
,"Plasteurhynchium striatulum (Spruce) M.Fleisch.","Plasteurhynchium striatulum (Spruce) M.Fleisch.","8367130","EXACT","100","ACCEPTED","SPECIES","Plantae","Bryophyta","Bryopsida","Hypnales","Brachytheciaceae","Plasteurhynchium","Plasteurhynchium striatulum","Plasteurhynchium striatulum","(Spruce) M.Fleisch."
,"Pleuridium acuminatum Lindb.","Pleuridium acuminatum Lindberg, 1863","2675875","EXACT","100","ACCEPTED","SPECIES","Plantae","Bryophyta","Bryopsida","Dicranales","Ditrichaceae","Pleuridium","Pleuridium acuminatum","Pleuridium acuminatum","Lindberg, 1863"
,"Pleurochaete squarrosa (Brid.) Lindb.","Pleurochaete squarrosa Lindberg, 1864","2671792","EXACT","100","ACCEPTED","SPECIES","Plantae","Bryophyta","Bryopsida","Pottiales","Pottiaceae","Pleurochaete","Pleurochaete squarrosa","Pleurochaete squarrosa","Lindberg, 1864"
,"Pogonatum nanum (Hedw.) P.Beauv.","Pogonatum nanum Palisot de Beauvois, 1805","2682983","EXACT","100","ACCEPTED","SPECIES","Plantae","Bryophyta","Bryopsida","Polytrichales","Polytrichaceae","Pogonatum","Pogonatum nanum","Pogonatum nanum","Palisot de Beauvois, 1805"
,"Pogonatum urnigerum (Hedw.) P.Beauv.","Pogonatum urnigerum Palisot de Beauvois, 1805","2682986","EXACT","100","ACCEPTED","SPECIES","Plantae","Bryophyta","Bryopsida","Polytrichales","Polytrichaceae","Pogonatum","Pogonatum urnigerum","Pogonatum urnigerum","Palisot de Beauvois, 1805"
,"Pohlia annotina (Hedw.) Lindb.","Pohlia annotina Lindberg, 1879","5282639","EXACT","100","ACCEPTED","SPECIES","Plantae","Bryophyta","Bryopsida","Bryales","Bryaceae","Pohlia","Pohlia annotina","Pohlia annotina","Lindberg, 1879"
,"Pohlia bulbifera (Warnst.) Warnst.","Pohlia bulbifera Warnstorf, 1904","5282611","EXACT","100","ACCEPTED","SPECIES","Plantae","Bryophyta","Bryopsida","Bryales","Bryaceae","Pohlia","Pohlia bulbifera","Pohlia bulbifera","Warnstorf, 1904"
,"Pohlia camptotrachela (Renauld & Cardot) Broth.","Pohlia camptotrachela Brotherus, 1903","5282589","EXACT","100","ACCEPTED","SPECIES","Plantae","Bryophyta","Bryopsida","Bryales","Bryaceae","Pohlia","Pohlia camptotrachela","Pohlia camptotrachela","Brotherus, 1903"
,"Pohlia lescuriana (Sull.) Ochi","Pohlia lescuriana Ochi, 1968","5282669","EXACT","100","ACCEPTED","SPECIES","Plantae","Bryophyta","Bryopsida","Bryales","Bryaceae","Pohlia","Pohlia lescuriana","Pohlia lescuriana","Ochi, 1968"
,"Bryoerythrophyllum ferruginascens (Stirt.) Giacom.","Bryoerythrophyllum ferruginascens Giacomini, 1947","2670505","EXACT","100","ACCEPTED","SPECIES","Plantae","Bryophyta","Bryopsida","Pottiales","Pottiaceae","Bryoerythrophyllum","Bryoerythrophyllum ferruginascens","Bryoerythrophyllum ferruginascens","Giacomini, 1947"
,"Pohlia lutescens (Limpr.) H.Lindb.","Pohlia lutescens H.Lindberg, 1899","5282547","EXACT","100","ACCEPTED","SPECIES","Plantae","Bryophyta","Bryopsida","Bryales","Bryaceae","Pohlia","Pohlia lutescens","Pohlia lutescens","H.Lindberg, 1899"
,"Polytrichum strictum Menzies ex Brid.","Polytrichum strictum Menzies ex Bridel, 1801","2683060","EXACT","100","ACCEPTED","SPECIES","Plantae","Bryophyta","Bryopsida","Polytrichales","Polytrichaceae","Polytrichum","Polytrichum strictum","Polytrichum strictum","Menzies ex Bridel, 1801"
,"Pseudephemerum nitidum (Hedw.) Loeske","Pseudephemerum nitidum (Hedw.) Loeske","7637750","EXACT","100","DOUBTFUL","SPECIES","Plantae","Bryophyta","Bryopsida","Dicranales","Dicranaceae","Pseudephemerum","Pseudephemerum nitidum","Pseudephemerum nitidum","(Hedw.) Loeske"
,"Pseudobryum cinclidioides (Huebener) T.J.Kop.","Pseudobryum cinclidioides T.Koponen, 1968","2677613","EXACT","100","ACCEPTED","SPECIES","Plantae","Bryophyta","Bryopsida","Bryales","Mniaceae","Pseudobryum","Pseudobryum cinclidioides","Pseudobryum cinclidioides","T.Koponen, 1968"
,"Pseudocalliergon lycopodioides (Brid.) Heden?<f1>s","Pseudocalliergon lycopodioides Hedenäs, 1990","2681661","EXACT","100","ACCEPTED","SPECIES","Plantae","Bryophyta","Bryopsida","Hypnales","Amblystegiaceae","Pseudocalliergon","Pseudocalliergon lycopodioides","Pseudocalliergon lycopodioides","Hedenäs, 1990"
,"Pterigynandrum filiforme Hedw.","Pterigynandrum filiforme Hedwig, 1801","2681749","EXACT","100","ACCEPTED","SPECIES","Plantae","Bryophyta","Bryopsida","Hypnales","Pterigynandraceae","Pterigynandrum","Pterigynandrum filiforme","Pterigynandrum filiforme","Hedwig, 1801"
,"Pterygoneurum ovatum (Hedw.) Dixon","Pterygoneurum ovatum Dixon, 1934","2671552","EXACT","100","ACCEPTED","SPECIES","Plantae","Bryophyta","Bryopsida","Pottiales","Pottiaceae","Pterygoneurum","Pterygoneurum ovatum","Pterygoneurum ovatum","Dixon, 1934"
,"Ptilium crista-castrensis (Hedw.) De Not.","Ptilium crista-castrensis De Notaris, 1867","5283780","EXACT","100","ACCEPTED","SPECIES","Plantae","Bryophyta","Bryopsida","Hypnales","Hypnaceae","Ptilium","Ptilium crista-castrensis","Ptilium crista-castrensis","De Notaris, 1867"
,"Racomitrium aciculare (Hedw.) Brid.","Racomitrium aciculare Bridel, 1819","2674289","EXACT","100","ACCEPTED","SPECIES","Plantae","Bryophyta","Bryopsida","Grimmiales","Grimmiaceae","Racomitrium","Racomitrium aciculare","Racomitrium aciculare","Bridel, 1819"
,"Racomitrium canescens (Hedw.) Brid. s.l.","Racomitrium canescens Bridel, 1819","2674333","EXACT","100","ACCEPTED","SPECIES","Plantae","Bryophyta","Bryopsida","Grimmiales","Grimmiaceae","Racomitrium","Racomitrium canescens","Racomitrium canescens","Bridel, 1819"
,"Racomitrium heterostichum (Hedw.) Brid.","Racomitrium heterostichum Bridel, 1819","2674275","EXACT","100","ACCEPTED","SPECIES","Plantae","Bryophyta","Bryopsida","Grimmiales","Grimmiaceae","Racomitrium","Racomitrium heterostichum","Racomitrium heterostichum","Bridel, 1819"
,"Racomitrium lanuginosum (Hedw.) Brid.","Racomitrium lanuginosum Bridel, 1819","2673622","EXACT","100","ACCEPTED","SPECIES","Plantae","Bryophyta","Bryopsida","Grimmiales","Grimmiaceae","Racomitrium","Racomitrium lanuginosum","Racomitrium lanuginosum","Bridel, 1819"
,"Rhodobryum roseum (Hedw.) Limpr.","Rhodobryum roseum Limpricht, 1892","5282529","EXACT","100","ACCEPTED","SPECIES","Plantae","Bryophyta","Bryopsida","Bryales","Bryaceae","Rhodobryum","Rhodobryum roseum","Rhodobryum roseum","Limpricht, 1892"
,"Rhynchostegiella curviseta (Brid.) Limpr.","Rhynchostegiella curviseta Limpricht, 1896","2679789","EXACT","100","ACCEPTED","SPECIES","Plantae","Bryophyta","Bryopsida","Hypnales","Brachytheciaceae","Rhynchostegiella","Rhynchostegiella curviseta","Rhynchostegiella curviseta","Limpricht, 1896"
,"Aloina aloides (Koch ex Schultz) Kindb.","Aloina aloides Kindberg, 1883","2671385","EXACT","100","DOUBTFUL","SPECIES","Plantae","Bryophyta","Bryopsida","Pottiales","Pottiaceae","Aloina","Aloina aloides","Aloina aloides","Kindberg, 1883"
,"Rhynchostegiella teneriffae (Mont.) Dirkse & Bouman","Rhynchostegiella teneriffae (Mont.) Dirkse & Bouman","2679813","EXACT","100","ACCEPTED","SPECIES","Plantae","Bryophyta","Bryopsida","Hypnales","Brachytheciaceae","Rhynchostegiella","Rhynchostegiella teneriffae","Rhynchostegiella teneriffae","(Mont.) Dirkse & Bouman"
,"Rhytidium rugosum (Hedw.) Kindb.","Rhytidium rugosum Kindberg, 1883","2679713","EXACT","100","ACCEPTED","SPECIES","Plantae","Bryophyta","Bryopsida","Hypnales","Hylocomiaceae","Rhytidium","Rhytidium rugosum","Rhytidium rugosum","Kindberg, 1883"
,"Bryum archangelicum Bruch & Schimp.","Bryum archangelicum Bruch & W.P.Schimper, 1846","2676689","EXACT","100","ACCEPTED","SPECIES","Plantae","Bryophyta","Bryopsida","Bryales","Bryaceae","Bryum","Bryum archangelicum","Bryum archangelicum","Bruch & W.P.Schimper, 1846"
,"Schistidium rivulare (Brid.) Podp.","Schistidium rivulare (Brid.) Podp., 1911","5281691","EXACT","100","ACCEPTED","SPECIES","Plantae","Bryophyta","Bryopsida","Grimmiales","Grimmiaceae","Schistidium","Schistidium rivulare","Schistidium rivulare","(Brid.) Podp., 1911"
,"Sciuro-hypnum plumosum (Hedw.) Ignatov & Huttunen","Sciuro-hypnum plumosum (Hedw.) Ignatov & Huttunen","8399643","EXACT","100","ACCEPTED","SPECIES","Plantae","Bryophyta","Bryopsida","Hypnales","Brachytheciaceae","Sciuro-hypnum","Sciuro-hypnum plumosum","Sciuro-hypnum plumosum","(Hedw.) Ignatov & Huttunen"
,"Scleropodium cespitans (Wilson ex M??ll.Hal.) L.F.Koch.","Scleropodium cespitans L.F.Koch, 1950","2679837","EXACT","99","ACCEPTED","SPECIES","Plantae","Bryophyta","Bryopsida","Hypnales","Brachytheciaceae","Scleropodium","Scleropodium cespitans","Scleropodium cespitans","L.F.Koch, 1950"
,"Scorpidium cossonii (Schimp.) Heden?<f1>s","Scorpidium cossonii Hedenäs, 1989","2681639","EXACT","100","ACCEPTED","SPECIES","Plantae","Bryophyta","Bryopsida","Hypnales","Amblystegiaceae","Scorpidium","Scorpidium cossonii","Scorpidium cossonii","Hedenäs, 1989"
,"Scorpidium revolvens (Sw. ex anon.) Rubers","Scorpidium revolvens Rubers, 1989","2681640","EXACT","100","ACCEPTED","SPECIES","Plantae","Bryophyta","Bryopsida","Hypnales","Amblystegiaceae","Scorpidium","Scorpidium revolvens","Scorpidium revolvens","Rubers, 1989"
,"Scorpidium scorpioides (Hedw.) Limpr.","Scorpidium scorpioides Limpricht, 1899","2681641","EXACT","100","ACCEPTED","SPECIES","Plantae","Bryophyta","Bryopsida","Hypnales","Amblystegiaceae","Scorpidium","Scorpidium scorpioides","Scorpidium scorpioides","Limpricht, 1899"
,"Seligeria calcarea (Hedw.) Bruch & Schimp.","Seligeria calcarea Bruch & W.P.Schimper, 1849","2670132","EXACT","100","ACCEPTED","SPECIES","Plantae","Bryophyta","Bryopsida","Seligerales","Seligeriaceae","Seligeria","Seligeria calcarea","Seligeria calcarea","Bruch & W.P.Schimper, 1849"
,"Sphagnum angustifolium (C.E.O.Jensen ex Russow) C.E.O.Jensen","Sphagnum angustifolium C.E.O.Jensen, 1896","2668960","EXACT","100","ACCEPTED","SPECIES","Plantae","Bryophyta","Sphagnopsida","Sphagnales","Sphagnaceae","Sphagnum","Sphagnum angustifolium","Sphagnum angustifolium","C.E.O.Jensen, 1896"
,"Sphagnum capillifolium (Ehrh.) Hedw.","Sphagnum capillifolium Hedwig, 1782","8227194","EXACT","100","ACCEPTED","SPECIES","Plantae","Bryophyta","Sphagnopsida","Sphagnales","Sphagnaceae","Sphagnum","Sphagnum capillifolium","Sphagnum capillifolium","Hedwig, 1782"
,"Sphagnum contortum Schultz","Sphagnum contortum Schultz, 1819","2669208","EXACT","100","ACCEPTED","SPECIES","Plantae","Bryophyta","Sphagnopsida","Sphagnales","Sphagnaceae","Sphagnum","Sphagnum contortum","Sphagnum contortum","Schultz, 1819"
,"Sphagnum magellanicum Brid.","Sphagnum magellanicum Bridel, 1798","2669001","EXACT","100","ACCEPTED","SPECIES","Plantae","Bryophyta","Sphagnopsida","Sphagnales","Sphagnaceae","Sphagnum","Sphagnum magellanicum","Sphagnum magellanicum","Bridel, 1798"
,"Sphagnum majus (Russow) C.E.O.Jensen","Sphagnum majus C.E.O.Jensen, 1890","2668990","EXACT","100","ACCEPTED","SPECIES","Plantae","Bryophyta","Sphagnopsida","Sphagnales","Sphagnaceae","Sphagnum","Sphagnum majus","Sphagnum majus","C.E.O.Jensen, 1890"
,"Sphagnum molle Sull.","Sphagnum molle Sullivant, 1846","2669222","EXACT","100","ACCEPTED","SPECIES","Plantae","Bryophyta","Sphagnopsida","Sphagnales","Sphagnaceae","Sphagnum","Sphagnum molle","Sphagnum molle","Sullivant, 1846"
,"Sphagnum obtusum Warnst.","Sphagnum obtusum Warnstorf, 1877","2669115","EXACT","100","ACCEPTED","SPECIES","Plantae","Bryophyta","Sphagnopsida","Sphagnales","Sphagnaceae","Sphagnum","Sphagnum obtusum","Sphagnum obtusum","Warnstorf, 1877"
,"Sphagnum platyphyllum (Lindb. ex Braithw.) Warnst.","Sphagnum platyphyllum Warnstorf, 1884","2669200","EXACT","100","ACCEPTED","SPECIES","Plantae","Bryophyta","Sphagnopsida","Sphagnales","Sphagnaceae","Sphagnum","Sphagnum platyphyllum","Sphagnum platyphyllum","Warnstorf, 1884"
,"Sphagnum riparium ?<e0>ngstr.","Sphagnum riparium Ångström, 1864","8400367","EXACT","98","ACCEPTED","SPECIES","Plantae","Bryophyta","Sphagnopsida","Sphagnales","Sphagnaceae","Sphagnum","Sphagnum riparium","Sphagnum riparium","Ångström, 1864"
,"Sphagnum rubellum Wilson","Sphagnum rubellum Wilson, 1855","2668995","EXACT","100","ACCEPTED","SPECIES","Plantae","Bryophyta","Sphagnopsida","Sphagnales","Sphagnaceae","Sphagnum","Sphagnum rubellum","Sphagnum rubellum","Wilson, 1855"
,"Sphagnum russowii Warnst.","Sphagnum russowii Warnstorf, 1886","2668970","EXACT","100","ACCEPTED","SPECIES","Plantae","Bryophyta","Sphagnopsida","Sphagnales","Sphagnaceae","Sphagnum","Sphagnum russowii","Sphagnum russowii","Warnstorf, 1886"
,"Sphagnum subsecundum Nees","Sphagnum subsecundum Nees, 1819","2668981","EXACT","100","ACCEPTED","SPECIES","Plantae","Bryophyta","Sphagnopsida","Sphagnales","Sphagnaceae","Sphagnum","Sphagnum subsecundum","Sphagnum subsecundum","Nees, 1819"
,"Sphagnum teres (Schimp.) ?<e0>ngstr.","Sphagnum teres Ångström, 1861","2669224","EXACT","97","ACCEPTED","SPECIES","Plantae","Bryophyta","Sphagnopsida","Sphagnales","Sphagnaceae","Sphagnum","Sphagnum teres","Sphagnum teres","Ångström, 1861"
,"Taxiphyllum wissgrillii (Garov.) Wijk & Margad.","Taxiphyllum wissgrillii Wijk & Margadant, 1960","2682658","EXACT","100","ACCEPTED","SPECIES","Plantae","Bryophyta","Bryopsida","Hypnales","Hypnaceae","Taxiphyllum","Taxiphyllum wissgrillii","Taxiphyllum wissgrillii","Wijk & Margadant, 1960"
,"Bryum cyclophyllum (Schw?<f1>gr.) Bruch & Schimp.","Bryum cyclophyllum Bruch & W.P.Schimper, 1839","2676535","EXACT","97","ACCEPTED","SPECIES","Plantae","Bryophyta","Bryopsida","Bryales","Bryaceae","Bryum","Bryum cyclophyllum","Bryum cyclophyllum","Bruch & W.P.Schimper, 1839"
,"Thuidium assimile (Mitt.) A.Jaeger","Thuidium assimile Jaeger, 1878","2679480","EXACT","100","ACCEPTED","SPECIES","Plantae","Bryophyta","Bryopsida","Hypnales","Thuidiaceae","Thuidium","Thuidium assimile","Thuidium assimile","Jaeger, 1878"
,"Thuidium delicatulum (Hedw.) Schimp.","Thuidium delicatulum W.P.Schimper, 1852","2679445","EXACT","100","ACCEPTED","SPECIES","Plantae","Bryophyta","Bryopsida","Hypnales","Thuidiaceae","Thuidium","Thuidium delicatulum","Thuidium delicatulum","W.P.Schimper, 1852"
,"Tortella bambergeri (Schimp.) Broth.","Tortella bambergeri (Schimp.) Broth.","7683396","EXACT","100","ACCEPTED","SPECIES","Plantae","Bryophyta","Bryopsida","Pottiales","Pottiaceae","Tortella","Tortella bambergeri","Tortella bambergeri","(Schimp.) Broth."
,"Tortella flavovirens (Bruch) Broth.","Tortella flavovirens Brotherus, 1902","2671336","EXACT","100","ACCEPTED","SPECIES","Plantae","Bryophyta","Bryopsida","Pottiales","Pottiaceae","Tortella","Tortella flavovirens","Tortella flavovirens","Brotherus, 1902"
,"Tortella inclinata (R.Hedw.) Limpr.","Tortella inclinata Limpricht, 1888","2671373","EXACT","100","ACCEPTED","SPECIES","Plantae","Bryophyta","Bryopsida","Pottiales","Pottiaceae","Tortella","Tortella inclinata","Tortella inclinata","Limpricht, 1888"
,"Tortella tortuosa (Hedw.) Limpr.","Tortella tortuosa Limpricht, 1888","2671369","EXACT","100","ACCEPTED","SPECIES","Plantae","Bryophyta","Bryopsida","Pottiales","Pottiaceae","Tortella","Tortella tortuosa","Tortella tortuosa","Limpricht, 1888"
,"Bryum demaretianum Arts","Bryum demaretianum Arts, 1992","2676569","EXACT","100","ACCEPTED","SPECIES","Plantae","Bryophyta","Bryopsida","Bryales","Bryaceae","Bryum","Bryum demaretianum","Bryum demaretianum","Arts, 1992"
,"Tortula lanceola R.H.Zander","Tortula lanceola Zander, 1993","5280553","EXACT","100","ACCEPTED","SPECIES","Plantae","Bryophyta","Bryopsida","Pottiales","Pottiaceae","Tortula","Tortula lanceola","Tortula lanceola","Zander, 1993"
,"Tortula marginata (Bruch & Schimp.) Spruce","Tortula marginata Spruce, 1845","5280599","EXACT","100","ACCEPTED","SPECIES","Plantae","Bryophyta","Bryopsida","Pottiales","Pottiaceae","Tortula","Tortula marginata","Tortula marginata","Spruce, 1845"
,"Tortula modica R.H.Zander","Tortula modica Zander, 1993","5280660","EXACT","100","ACCEPTED","SPECIES","Plantae","Bryophyta","Bryopsida","Pottiales","Pottiaceae","Tortula","Tortula modica","Tortula modica","Zander, 1993"
,"Tortula subulata Hedw.","Tortula subulata Hedwig, 1801","5280595","EXACT","100","ACCEPTED","SPECIES","Plantae","Bryophyta","Bryopsida","Pottiales","Pottiaceae","Tortula","Tortula subulata","Tortula subulata","Hedwig, 1801"
,"Tortula vahliana (Schultz) Mont.","Tortula vahliana Montagne, 1850","5280651","EXACT","100","ACCEPTED","SPECIES","Plantae","Bryophyta","Bryopsida","Pottiales","Pottiaceae","Tortula","Tortula vahliana","Tortula vahliana","Montagne, 1850"
,"Trematodon ambiguus (Hedw.) Hornsch.","Trematodon ambiguus Hornschuch, 1819","2674576","EXACT","100","ACCEPTED","SPECIES","Plantae","Bryophyta","Bryopsida","Dicranales","Bruchiaceae","Trematodon","Trematodon ambiguus","Trematodon ambiguus","Hornschuch, 1819"
,"Trichostomum crispulum Bruch","Trichostomum crispulum Bruch, 1829","5280772","EXACT","100","ACCEPTED","SPECIES","Plantae","Bryophyta","Bryopsida","Pottiales","Pottiaceae","Trichostomum","Trichostomum crispulum","Trichostomum crispulum","Bruch, 1829"
,"Ulota coarctata (P.Beauv.) Hammar","Ulota coarctata Hammar, 1852","2671943","EXACT","100","ACCEPTED","SPECIES","Plantae","Bryophyta","Bryopsida","Orthotrichales","Orthotrichaceae","Ulota","Ulota coarctata","Ulota coarctata","Hammar, 1852"
,"Weissia brachycarpa (Nees & Hornsch.) Jur.","Weissia brachycarpa Juratzka, 1882","5280861","EXACT","100","ACCEPTED","SPECIES","Plantae","Bryophyta","Bryopsida","Pottiales","Pottiaceae","Weissia","Weissia brachycarpa","Weissia brachycarpa","Juratzka, 1882"
,"Bryum dyffrynense Holyoak","Bryum dyffrynense Holyoak","7702707","EXACT","100","ACCEPTED","SPECIES","Plantae","Bryophyta","Bryopsida","Bryales","Bryaceae","Bryum","Bryum dyffrynense","Bryum dyffrynense","Holyoak"
,"Weissia longifolia Mitt.","Weissia longifolia Mitten, 1851","5280874","EXACT","100","ACCEPTED","SPECIES","Plantae","Bryophyta","Bryopsida","Pottiales","Pottiaceae","Weissia","Weissia longifolia","Weissia longifolia","Mitten, 1851"
,"Weissia rostellata (Brid.) Lindb.","Weissia rostellata Lindberg, 1864","5280896","EXACT","100","ACCEPTED","SPECIES","Plantae","Bryophyta","Bryopsida","Pottiales","Pottiaceae","Weissia","Weissia rostellata","Weissia rostellata","Lindberg, 1864"
,"Weissia rutilans (Hedw.) Lindb.","Weissia rutilans Lindberg, 1863","5280855","EXACT","100","ACCEPTED","SPECIES","Plantae","Bryophyta","Bryopsida","Pottiales","Pottiaceae","Weissia","Weissia rutilans","Weissia rutilans","Lindberg, 1863"
,"Weissia squarrosa (Nees & Hornsch.) M??ll.Hal.","Weissia squarrosa C.Müller, 1849","7972762","EXACT","100","ACCEPTED","SPECIES","Plantae","Bryophyta","Bryopsida","Pottiales","Pottiaceae","Weissia","Weissia squarrosa","Weissia squarrosa","C.Müller, 1849"
,"Zygodon dentatus (Limpr.) Kartt.","Zygodon dentatus Karttunen, 1984","5280981","EXACT","100","ACCEPTED","SPECIES","Plantae","Bryophyta","Bryopsida","Orthotrichales","Orthotrichaceae","Zygodon","Zygodon dentatus","Zygodon dentatus","Karttunen, 1984"
,"Zygodon rupestris Schimp. ex Lorentz","Zygodon rupestris W.P.Schimper ex Lorentz, 1865","5281048","EXACT","100","ACCEPTED","SPECIES","Plantae","Bryophyta","Bryopsida","Orthotrichales","Orthotrichaceae","Zygodon","Zygodon rupestris","Zygodon rupestris","W.P.Schimper ex Lorentz, 1865"
,"Zygodon stirtonii Schimp. ex Stirt.","Zygodon stirtonii Schimp. ex Stirt.","8681798","EXACT","100","SYNONYM","SPECIES","Plantae","Bryophyta","Bryopsida","Orthotrichales","Orthotrichaceae","Zygodon","Zygodon stirtonii","Zygodon stirtonii","Schimp. ex Stirt."
,"Bryum gemmilucens R.Wilczek & Demaret","Bryum gemmilucens R.Wilczek & Demaret, 1976","2676684","EXACT","100","ACCEPTED","SPECIES","Plantae","Bryophyta","Bryopsida","Bryales","Bryaceae","Bryum","Bryum gemmilucens","Bryum gemmilucens","R.Wilczek & Demaret, 1976"
,"Bryum intermedium (Brid.) Blandow","Bryum intermedium Blandow, 1809","2676722","EXACT","100","ACCEPTED","SPECIES","Plantae","Bryophyta","Bryopsida","Bryales","Bryaceae","Bryum","Bryum intermedium","Bryum intermedium","Blandow, 1809"
,"Bryum knowltonii Barnes","Bryum knowltonii Barnes, 1889","2676666","EXACT","100","ACCEPTED","SPECIES","Plantae","Bryophyta","Bryopsida","Bryales","Bryaceae","Bryum","Bryum knowltonii","Bryum knowltonii","Barnes, 1889"
,"Bryum pallescens Schleich. ex Schw?<f1>gr.","Bryum pallescens Schleicher ex Schwaegrichen, 1816","2676627","EXACT","100","ACCEPTED","SPECIES","Plantae","Bryophyta","Bryopsida","Bryales","Bryaceae","Bryum","Bryum pallescens","Bryum pallescens","Schleicher ex Schwaegrichen, 1816"
,"Aloina rigida (Hedw.) Limpr.","Aloina rigida Limpricht, 1888","2671383","EXACT","100","ACCEPTED","SPECIES","Plantae","Bryophyta","Bryopsida","Pottiales","Pottiaceae","Aloina","Aloina rigida","Aloina rigida","Limpricht, 1888"
,"Bryum sauteri Bruch & Schimp.","Bryum sauteri Bruch & W.P.Schimper, 1846","2676949","EXACT","100","ACCEPTED","SPECIES","Plantae","Bryophyta","Bryopsida","Bryales","Bryaceae","Bryum","Bryum sauteri","Bryum sauteri","Bruch & W.P.Schimper, 1846"
,"Bryum violaceum Crundw. & Nyholm","Bryum violaceum Crundwell & Nyholm, 1963","2676703","EXACT","100","ACCEPTED","SPECIES","Plantae","Bryophyta","Bryopsida","Bryales","Bryaceae","Bryum","Bryum violaceum","Bryum violaceum","Crundwell & Nyholm, 1963"
,"Bryum warneum (R?<c2>hl.) Brid.","Bryum warneum Bridel, 1826","2676696","EXACT","99","ACCEPTED","SPECIES","Plantae","Bryophyta","Bryopsida","Bryales","Bryaceae","Bryum","Bryum warneum","Bryum warneum","Bridel, 1826"
,"Bryum weigelii Spreng.","Bryum weigelii Sprengel, 1807","2676686","EXACT","100","ACCEPTED","SPECIES","Plantae","Bryophyta","Bryopsida","Bryales","Bryaceae","Bryum","Bryum weigelii","Bryum weigelii","Sprengel, 1807"
,"Buxbaumia aphylla Hedw.","Buxbaumia aphylla Hedwig, 1801","2682840","EXACT","100","ACCEPTED","SPECIES","Plantae","Bryophyta","Bryopsida","Buxbaumiales","Buxbaumiaceae","Buxbaumia","Buxbaumia aphylla","Buxbaumia aphylla","Hedwig, 1801"
,"Amblyodon dealbatus (Hedw.) P.Beauv.","Amblyodon dealbatus (Sw. ex Hedw.) P.Beauv.","8428680","EXACT","100","DOUBTFUL","SPECIES","Plantae","Bryophyta","Bryopsida","Bryales","Meesiaceae","Amblyodon","Amblyodon dealbatus","Amblyodon dealbatus","(Sw. ex Hedw.) P.Beauv."
,"Calliergon cordifolium (Hedw.) Kindb.","Calliergon cordifolium Kindberg, 1894","2681678","EXACT","100","ACCEPTED","SPECIES","Plantae","Bryophyta","Bryopsida","Hypnales","Amblystegiaceae","Calliergon","Calliergon cordifolium","Calliergon cordifolium","Kindberg, 1894"
,"Calliergonella lindbergii (Mitt.) Heden?<f1>s","Calliergonella lindbergii Hedenäs, 1990","4921779","EXACT","100","ACCEPTED","SPECIES","Plantae","Bryophyta","Bryopsida","Hypnales","Amblystegiaceae","Calliergonella","Calliergonella lindbergii","Calliergonella lindbergii","Hedenäs, 1990"
,"Campyliadelphus chrysophyllus (Brid.) R.S.Chopra","Campyliadelphus chrysophyllus (Brid.) R.S.Chopra","7718750","EXACT","100","ACCEPTED","SPECIES","Plantae","Bryophyta","Bryopsida","Hypnales","Amblystegiaceae","Campyliadelphus","Campyliadelphus chrysophyllus","Campyliadelphus chrysophyllus","(Brid.) R.S.Chopra"
,"Campyliadelphus elodes (Lindb.) Kanda","Campyliadelphus elodes Kanda, 1975","2681653","EXACT","100","ACCEPTED","SPECIES","Plantae","Bryophyta","Bryopsida","Hypnales","Amblystegiaceae","Campyliadelphus","Campyliadelphus elodes","Campyliadelphus elodes","Kanda, 1975"
,"Campylium protensum (Brid.) Kindb.","Campylium protensum (Brid.) Kindb.","4279909","EXACT","100","ACCEPTED","SPECIES","Plantae","Bryophyta","Bryopsida","Hypnales","Amblystegiaceae","Campylium","Campylium protensum","Campylium protensum","(Brid.) Kindb."
,"Campylium stellatum (Hedw.) Lange & C.E.O.Jensen","Campylium stellatum (Hedw.) C.E.O.Jensen","4279903","EXACT","100","ACCEPTED","SPECIES","Plantae","Bryophyta","Bryopsida","Hypnales","Amblystegiaceae","Campylium","Campylium stellatum","Campylium stellatum","(Hedw.) C.E.O.Jensen"
,"Campylophyllum calcareum (Crundw. & Nyholm) Heden?<f1>s","Campylophyllum calcareum (Crundw. & Nyholm) Hedenäs","6096584","EXACT","100","SYNONYM","SPECIES","Plantae","Bryophyta","Bryopsida","Hypnales","Amblystegiaceae","Campylium","Campylium calcareum","Campylophyllum calcareum","(Crundw. & Nyholm) Hedenäs"
,"Cinclidotus danubicus Schiffn. & Baumgartner","Cinclidotus danubicus Schiffner & Baumgartner, 1906","2672815","EXACT","100","ACCEPTED","SPECIES","Plantae","Bryophyta","Bryopsida","Pottiales","Cinclidotaceae","Cinclidotus","Cinclidotus danubicus","Cinclidotus danubicus","Schiffner & Baumgartner, 1906"
,"Cinclidotus riparius (Host ex Brid.) Arn.","Cinclidotus riparius Arnott, 1827","2672814","EXACT","100","ACCEPTED","SPECIES","Plantae","Bryophyta","Bryopsida","Pottiales","Cinclidotaceae","Cinclidotus","Cinclidotus riparius","Cinclidotus riparius","Arnott, 1827"
,"Anomodon attenuatus (Hedw.) Huebener","Anomodon attenuatus Hübener, 1833","5283419","EXACT","100","ACCEPTED","SPECIES","Plantae","Bryophyta","Bryopsida","Hypnales","Thuidiaceae","Anomodon","Anomodon attenuatus","Anomodon attenuatus","Hübener, 1833"
,"Cirriphyllum crassinervium (Taylor) Loeske & M.Fleisch.","Cirriphyllum crassinervium (Taylor) Loeske & M.Fleisch.","5837996","EXACT","100","ACCEPTED","SPECIES","Plantae","Bryophyta","Bryopsida","Hypnales","Brachytheciaceae","Cirriphyllum","Cirriphyllum crassinervium","Cirriphyllum crassinervium","(Taylor) Loeske & M.Fleisch."
,"Cleistocarpidium palustre (Bruch & Schimp) Ochyra & Bednarek-Ochyra","Cleistocarpidium palustre Ochyra & Bednarek-Ochyra, 1996","2675831","EXACT","100","ACCEPTED","SPECIES","Plantae","Bryophyta","Bryopsida","Dicranales","Ditrichaceae","Cleistocarpidium","Cleistocarpidium palustre","Cleistocarpidium palustre","Ochyra & Bednarek-Ochyra, 1996"
,"Ctenidium molluscum (Hedw.) Mitt.","Ctenidium molluscum Mitten, 1869","2682534","EXACT","100","ACCEPTED","SPECIES","Plantae","Bryophyta","Bryopsida","Hypnales","Hypnaceae","Ctenidium","Ctenidium molluscum","Ctenidium molluscum","Mitten, 1869"
,"Dialytrichia mucronata (Brid.) Broth.","Dialytrichia mucronata Brotherus, 1902","2671143","EXACT","100","ACCEPTED","SPECIES","Plantae","Bryophyta","Bryopsida","Pottiales","Pottiaceae","Dialytrichia","Dialytrichia mucronata","Dialytrichia mucronata","Brotherus, 1902"
,"Dichodontium pellucidum (Hedw.) Schimp.","Dichodontium pellucidum W.P.Schimper, 1856","2675400","EXACT","100","ACCEPTED","SPECIES","Plantae","Bryophyta","Bryopsida","Dicranales","Dicranaceae","Dichodontium","Dichodontium pellucidum","Dichodontium pellucidum","W.P.Schimper, 1856"
,"Dicranella cerviculata (Hedw.) Schimp.","Dicranella cerviculata W.P.Schimper, 1856","5282102","EXACT","100","ACCEPTED","SPECIES","Plantae","Bryophyta","Bryopsida","Dicranales","Dicranaceae","Dicranella","Dicranella cerviculata","Dicranella cerviculata","W.P.Schimper, 1856"
,"Anomodon viticulosus (Hedw.) Hook. & Taylor","Anomodon viticulosus W.J.Hooker & Taylor, 1818","5283423","EXACT","100","ACCEPTED","SPECIES","Plantae","Bryophyta","Bryopsida","Hypnales","Thuidiaceae","Anomodon","Anomodon viticulosus","Anomodon viticulosus","W.J.Hooker & Taylor, 1818"
,"Dicranella rufescens (Dicks.) Schimp.","Dicranella rufescens (Dicks.) Schimp.","5710583","EXACT","100","ACCEPTED","SPECIES","Plantae","Bryophyta","Bryopsida","Dicranales","Dicranaceae","Dicranella","Dicranella rufescens","Dicranella rufescens","(Dicks.) Schimp."
,"Dicranella schreberiana (Hedw.) Dixon","Dicranella schreberiana (Hedw.) Dixon","7726550","EXACT","100","ACCEPTED","SPECIES","Plantae","Bryophyta","Bryopsida","Dicranales","Dicranaceae","Dicranella","Dicranella schreberiana","Dicranella schreberiana","(Hedw.) Dixon"
,"Dicranodontium denudatum (Brid.) E.Britton","Dicranodontium denudatum Britton, 1913","2675239","EXACT","100","ACCEPTED","SPECIES","Plantae","Bryophyta","Bryopsida","Dicranales","Dicranaceae","Dicranodontium","Dicranodontium denudatum","Dicranodontium denudatum","Britton, 1913"
,"Dicranum bonjeanii De Not.","Dicranum bonjeanii De Notaris, 1837","2675482","EXACT","100","ACCEPTED","SPECIES","Plantae","Bryophyta","Bryopsida","Dicranales","Dicranaceae","Dicranum","Dicranum bonjeanii","Dicranum bonjeanii","De Notaris, 1837"
,"Dicranum flagellare Hedw.","Dicranum flagellare Hedwig, 1801","2675430","EXACT","100","ACCEPTED","SPECIES","Plantae","Bryophyta","Bryopsida","Dicranales","Dicranaceae","Dicranum","Dicranum flagellare","Dicranum flagellare","Hedwig, 1801"
,"Dicranum majus Sm.","Dicranum majus Sm.","8336798","EXACT","100","DOUBTFUL","SPECIES","Plantae","Bryophyta","Bryopsida","Dicranales","Dicranaceae","Dicranum","Dicranum majus","Dicranum majus","Sm."
,"Sparganium angustifolium Michaux","Sparganium angustifolium Michx.","2702361","EXACT","100","ACCEPTED","SPECIES","Plantae","Tracheophyta","Liliopsida","Poales","Typhaceae","Sparganium","Sparganium angustifolium","Sparganium angustifolium","Michx."
,"Stachys alpina L.","Stachys alpina L.","7306931","EXACT","100","ACCEPTED","SPECIES","Plantae","Tracheophyta","Magnoliopsida","Lamiales","Lamiaceae","Stachys","Stachys alpina","Stachys alpina","L."
,"Stachys arvensis (L.) L.","Stachys arvensis (L.) L.","2927229","EXACT","100","ACCEPTED","SPECIES","Plantae","Tracheophyta","Magnoliopsida","Lamiales","Lamiaceae","Stachys","Stachys arvensis","Stachys arvensis","(L.) L."
,"Stratiotes aloides L.","Stratiotes aloides L.","5329192","EXACT","100","ACCEPTED","SPECIES","Plantae","Tracheophyta","Liliopsida","Alismatales","Hydrocharitaceae","Stratiotes","Stratiotes aloides","Stratiotes aloides","L."
,"Teesdalia nudicaulis (L.) R. Brown","Teesdalia nudicaulis (L.) R.Br.","8091877","EXACT","100","DOUBTFUL","SPECIES","Plantae","Tracheophyta","Magnoliopsida","Brassicales","Brassicaceae","Teesdalia","Teesdalia nudicaulis","Teesdalia nudicaulis","(L.) R.Br."
,"Teucrium scordium L.","Teucrium scordium L.","7945074","EXACT","100","ACCEPTED","SPECIES","Plantae","Tracheophyta","Magnoliopsida","Lamiales","Lamiaceae","Teucrium","Teucrium scordium","Teucrium scordium","L."
,"Thymus pulegioides L.","Thymus pulegioides L.","5341443","EXACT","100","ACCEPTED","SPECIES","Plantae","Tracheophyta","Magnoliopsida","Lamiales","Lamiaceae","Thymus","Thymus pulegioides","Thymus pulegioides","L."
,"Thymus serpyllum L.","Thymus serpyllum L.","6409622","EXACT","100","ACCEPTED","SPECIES","Plantae","Tracheophyta","Magnoliopsida","Lamiales","Lamiaceae","Thymus","Thymus serpyllum","Thymus serpyllum","L."
,"Trichophorum cespitosus (L.) Hartm.","Trichophorum cespitosum (L.) Hartm.","2710592","FUZZY","100","ACCEPTED","SPECIES","Plantae","Tracheophyta","Liliopsida","Poales","Cyperaceae","Trichophorum","Trichophorum cespitosum","Trichophorum cespitosum","(L.) Hartm."
,"Utricularia australis R. Brown","Utricularia ×australis R.Br.","7297904","EXACT","100","ACCEPTED","SPECIES","Plantae","Tracheophyta","Magnoliopsida","Lamiales","Lentibulariaceae","Utricularia","Utricularia australis","Utricularia australis","R.Br."
,"Utricularia intermedia Hayne","Utricularia intermedia Hayne","3172413","EXACT","100","ACCEPTED","SPECIES","Plantae","Tracheophyta","Magnoliopsida","Lamiales","Lentibulariaceae","Utricularia","Utricularia intermedia","Utricularia intermedia","Hayne"
,"Utricularia minor L.","Utricularia minor L.","3172414","EXACT","100","ACCEPTED","SPECIES","Plantae","Tracheophyta","Magnoliopsida","Lamiales","Lentibulariaceae","Utricularia","Utricularia minor","Utricularia minor","L."
,"Utricularia ochroleuca R. Hartm.","Utricularia ×ochroleuca Hartm.","3172429","EXACT","100","ACCEPTED","SPECIES","Plantae","Tracheophyta","Magnoliopsida","Lamiales","Lentibulariaceae","Utricularia","Utricularia ochroleuca","Utricularia ochroleuca","Hartm."
,"Vaccaria hispanica (Mill.) Rauschert","Vaccaria hispanica (Mill.) Rauschert","3085320","EXACT","100","SYNONYM","SPECIES","Plantae","Tracheophyta","Magnoliopsida","Caryophyllales","Caryophyllaceae","Gypsophila","Gypsophila vaccaria","Vaccaria hispanica","(Mill.) Rauschert"
,"Valeriana dioica L.","Valeriana dioica L.","2888762","EXACT","100","ACCEPTED","SPECIES","Plantae","Tracheophyta","Magnoliopsida","Dipsacales","Caprifoliaceae","Valeriana","Valeriana dioica","Valeriana dioica","L."
,"Valerianella carinata Loisel.","Valerianella carinata Loisel.","2888769","EXACT","100","ACCEPTED","SPECIES","Plantae","Tracheophyta","Magnoliopsida","Dipsacales","Caprifoliaceae","Valerianella","Valerianella carinata","Valerianella carinata","Loisel."
,"Valerianella dentata (L.) Pollich","Valerianella dentata (L.) Pollich","2888789","EXACT","100","ACCEPTED","SPECIES","Plantae","Tracheophyta","Magnoliopsida","Dipsacales","Caprifoliaceae","Valerianella","Valerianella dentata","Valerianella dentata","(L.) Pollich"
,"Valerianella rimosa Bast.","Valerianella rimosa Bastard","4095539","EXACT","100","ACCEPTED","SPECIES","Plantae","Tracheophyta","Magnoliopsida","Dipsacales","Caprifoliaceae","Valerianella","Valerianella rimosa","Valerianella rimosa","Bastard"
,"Veronica acinifolia L.","Veronica acinifolia L.","8019690","EXACT","100","ACCEPTED","SPECIES","Plantae","Tracheophyta","Magnoliopsida","Lamiales","Plantaginaceae","Veronica","Veronica acinifolia","Veronica acinifolia","L."
,"Veronica opaca Fries","Veronica opaca Fr.","3172071","EXACT","100","ACCEPTED","SPECIES","Plantae","Tracheophyta","Magnoliopsida","Lamiales","Plantaginaceae","Veronica","Veronica opaca","Veronica opaca","Fr."
,"Veronica praecox All.","Veronica praecox All.","7331926","EXACT","100","ACCEPTED","SPECIES","Plantae","Tracheophyta","Magnoliopsida","Lamiales","Plantaginaceae","Veronica","Veronica praecox","Veronica praecox","All."
,"Veronica triphyllos L.","Veronica triphyllos L.","3172119","EXACT","100","ACCEPTED","SPECIES","Plantae","Tracheophyta","Magnoliopsida","Lamiales","Plantaginaceae","Veronica","Veronica triphyllos","Veronica triphyllos","L."
,"Vincetoxicum hirundinaria Med.","Vincetoxicum hirundinaria Medik.","5414548","EXACT","100","ACCEPTED","SPECIES","Plantae","Tracheophyta","Magnoliopsida","Gentianales","Apocynaceae","Vincetoxicum","Vincetoxicum hirundinaria","Vincetoxicum hirundinaria","Medik."
,"Viola canina L.","Viola canina L.","5331258","EXACT","100","ACCEPTED","SPECIES","Plantae","Tracheophyta","Magnoliopsida","Malpighiales","Violaceae","Viola","Viola canina","Viola canina","L."
,"Viola lactea Smith","Viola lactea Sm.","7946708","EXACT","100","ACCEPTED","SPECIES","Plantae","Tracheophyta","Magnoliopsida","Malpighiales","Violaceae","Viola","Viola lactea","Viola lactea","Sm."
,"Wahlenbergia hederacea (L.) Reichenb.","Wahlenbergia hederacea (L.) Rchb.","5413552","EXACT","100","SYNONYM","SPECIES","Plantae","Tracheophyta","Magnoliopsida","Asterales","Campanulaceae","Hesperocodon","Hesperocodon hederaceus","Wahlenbergia hederacea","(L.) Rchb."
,"Wolffia arrhiza (L.) Hork. ex Wimm.","Wolffia arrhiza (L.) Horkel ex Wimm.","5330092","EXACT","100","ACCEPTED","SPECIES","Plantae","Tracheophyta","Liliopsida","Alismatales","Araceae","Wolffia","Wolffia arrhiza","Wolffia arrhiza","(L.) Horkel ex Wimm."
,"Blysmus compressus (L.) Panzer ex Link","Blysmus compressus (L.) Panz. ex Link","2710650","EXACT","100","ACCEPTED","SPECIES","Plantae","Tracheophyta","Liliopsida","Poales","Cyperaceae","Blysmus","Blysmus compressus","Blysmus compressus","(L.) Panz. ex Link"
,"Botrychium lunaria (L.) Swartz","Botrychium lunaria (L.) Sw.","2650165","EXACT","100","ACCEPTED","SPECIES","Plantae","Tracheophyta","Polypodiopsida","Ophioglossales","Ophioglossaceae","Botrychium","Botrychium lunaria","Botrychium lunaria","(L.) Sw."
,"Briza media L.","Briza media L.","2702789","EXACT","100","ACCEPTED","SPECIES","Plantae","Tracheophyta","Liliopsida","Poales","Poaceae","Briza","Briza media","Briza media","L."
,"Bromus grossus Desf. ex DC.","Bromus grossus Desf. ex DC.","2703659","EXACT","100","ACCEPTED","SPECIES","Plantae","Tracheophyta","Liliopsida","Poales","Poaceae","Bromus","Bromus grossus","Bromus grossus","Desf. ex DC."
,"Bupleurum rotundifolium L.","Bupleurum rotundifolium L.","3034554","EXACT","100","ACCEPTED","SPECIES","Plantae","Tracheophyta","Magnoliopsida","Apiales","Apiaceae","Bupleurum","Bupleurum rotundifolium","Bupleurum rotundifolium","L."
,"Agrostemma githago L.","Agrostemma githago L.","3085368","EXACT","100","ACCEPTED","SPECIES","Plantae","Tracheophyta","Magnoliopsida","Caryophyllales","Caryophyllaceae","Agrostemma","Agrostemma githago","Agrostemma githago","L."
,"Carex diandra Schrank","Carex diandra Schrank","2723156","EXACT","100","ACCEPTED","SPECIES","Plantae","Tracheophyta","Liliopsida","Poales","Cyperaceae","Carex","Carex diandra","Carex diandra","Schrank"
,"Carex digitata L.","Carex digitata L.","2727038","EXACT","100","ACCEPTED","SPECIES","Plantae","Tracheophyta","Liliopsida","Poales","Cyperaceae","Carex","Carex digitata","Carex digitata","L."
,"Carex dioica L.","Carex dioica L.","2728870","EXACT","100","ACCEPTED","SPECIES","Plantae","Tracheophyta","Liliopsida","Poales","Cyperaceae","Carex","Carex dioica","Carex dioica","L."
,"Carex divisa Huds.","Carex divisa Huds.","2723410","EXACT","100","ACCEPTED","SPECIES","Plantae","Tracheophyta","Liliopsida","Poales","Cyperaceae","Carex","Carex divisa","Carex divisa","Huds."
,"Carex extensa Good.","Carex extensa Gooden.","2726545","EXACT","100","ACCEPTED","SPECIES","Plantae","Tracheophyta","Liliopsida","Poales","Cyperaceae","Carex","Carex extensa","Carex extensa","Gooden."
,"Carex flava L.","Carex flava L.","2726880","EXACT","100","ACCEPTED","SPECIES","Plantae","Tracheophyta","Liliopsida","Poales","Cyperaceae","Carex","Carex flava","Carex flava","L."
,"Carex hostiana DC.","Carex hostiana DC.","2728963","EXACT","100","ACCEPTED","SPECIES","Plantae","Tracheophyta","Liliopsida","Poales","Cyperaceae","Carex","Carex hostiana","Carex hostiana","DC."
,"Carex lepidocarpa Tausch","Carex lepidocarpa Tausch","2725388","EXACT","100","ACCEPTED","SPECIES","Plantae","Tracheophyta","Liliopsida","Poales","Cyperaceae","Carex","Carex lepidocarpa","Carex lepidocarpa","Tausch"
,"Carex limosa L.","Carex limosa L.","2725881","EXACT","100","ACCEPTED","SPECIES","Plantae","Tracheophyta","Liliopsida","Poales","Cyperaceae","Carex","Carex limosa","Carex limosa","L."
,"Carex pulicaris L.","Carex pulicaris L.","2726956","EXACT","100","ACCEPTED","SPECIES","Plantae","Tracheophyta","Liliopsida","Poales","Cyperaceae","Carex","Carex pulicaris","Carex pulicaris","L."
,"Carex viridula s.l.","Carex L.","2721893","HIGHERRANK","97","ACCEPTED","GENUS","Plantae","Tracheophyta","Liliopsida","Poales","Cyperaceae","Carex",,"Carex","L."
,"Carex vulpina L.","Carex vulpina L.","2728514","EXACT","100","ACCEPTED","SPECIES","Plantae","Tracheophyta","Liliopsida","Poales","Cyperaceae","Carex","Carex vulpina","Carex vulpina","L."
,"Carlina vulgaris L.","Carlina vulgaris L.","3105380","EXACT","100","ACCEPTED","SPECIES","Plantae","Tracheophyta","Magnoliopsida","Asterales","Asteraceae","Carlina","Carlina vulgaris","Carlina vulgaris","L."
,"Catapodium rigidum (L.) C.E. Hubbard","Catapodium rigidum (L.) C.E.Hubb.","2705228","EXACT","100","ACCEPTED","SPECIES","Plantae","Tracheophyta","Liliopsida","Poales","Poaceae","Catapodium","Catapodium rigidum","Catapodium rigidum","(L.) C.E.Hubb."
,"Centunculus minimus L.","Centunculus minimus L.","5414370","EXACT","100","SYNONYM","SPECIES","Plantae","Tracheophyta","Magnoliopsida","Ericales","Primulaceae","Lysimachia","Lysimachia minima","Centunculus minimus","L."
,"Alisma gramineum Lej.","Alisma gramineum Lej.","2865152","EXACT","100","ACCEPTED","SPECIES","Plantae","Tracheophyta","Liliopsida","Alismatales","Alismataceae","Alisma","Alisma gramineum","Alisma gramineum","Lej."
,"Chenopodium bonus-henricus L.","Chenopodium bonus-henricus L.","3083843","EXACT","100","SYNONYM","SPECIES","Plantae","Tracheophyta","Magnoliopsida","Caryophyllales","Amaranthaceae","Blitum","Blitum bonus-henricus","Chenopodium bonus-henricus","L."
,"Chenopodium chenopodioides (L.) Aell.","Chenopodium chenopodioides (L.) Aellen","3083874","EXACT","89","SYNONYM","SPECIES","Plantae","Tracheophyta","Magnoliopsida","Caryophyllales","Amaranthaceae","Oxybasis","Oxybasis chenopodioides","Chenopodium chenopodioides","(L.) Aellen"
,"Chenopodium vulvaria L.","Chenopodium vulvaria L.","3083932","EXACT","100","ACCEPTED","SPECIES","Plantae","Tracheophyta","Magnoliopsida","Caryophyllales","Amaranthaceae","Chenopodium","Chenopodium vulvaria","Chenopodium vulvaria","L."
,"Cicendia filiformis (L.) Delarbre","Cicendia filiformis (L.) Delarbre","3841406","EXACT","100","ACCEPTED","SPECIES","Plantae","Tracheophyta","Magnoliopsida","Gentianales","Gentianaceae","Cicendia","Cicendia filiformis","Cicendia filiformis","(L.) Delarbre"
,"Cicuta virosa L.","Cicuta virosa L.","5371864","EXACT","100","ACCEPTED","SPECIES","Plantae","Tracheophyta","Magnoliopsida","Apiales","Apiaceae","Cicuta","Cicuta virosa","Cicuta virosa","L."
,"Cirsium dissectum (L.) Hill","Cirsium dissectum (L.) Hill","3113784","EXACT","100","ACCEPTED","SPECIES","Plantae","Tracheophyta","Magnoliopsida","Asterales","Asteraceae","Cirsium","Cirsium dissectum","Cirsium dissectum","(L.) Hill"
,"Coeloglossum viride (L.) Hartm.","Coeloglossum viride (L.) Hartm.","5313015","EXACT","100","SYNONYM","SPECIES","Plantae","Tracheophyta","Liliopsida","Asparagales","Orchidaceae","Dactylorhiza","Dactylorhiza viridis","Coeloglossum viride","(L.) Hartm."
,"Allium oleraceum L.","Allium oleraceum L.","2857071","EXACT","100","ACCEPTED","SPECIES","Plantae","Tracheophyta","Liliopsida","Asparagales","Amaryllidaceae","Allium","Allium oleraceum","Allium oleraceum","L."
,"Crepis foetida L.","Crepis foetida L.","5403470","EXACT","100","ACCEPTED","SPECIES","Plantae","Tracheophyta","Magnoliopsida","Asterales","Asteraceae","Crepis","Crepis foetida","Crepis foetida","L."
,"Allium scorodoprasum L.","Allium scorodoprasum L.","9177060","EXACT","100","ACCEPTED","SPECIES","Plantae","Tracheophyta","Liliopsida","Asparagales","Amaryllidaceae","Allium","Allium scorodoprasum","Allium scorodoprasum","L."
,"Cuscuta epithymum (L.) L.","Cuscuta epithymum (L.) L.","2927518","EXACT","100","ACCEPTED","SPECIES","Plantae","Tracheophyta","Magnoliopsida","Solanales","Convolvulaceae","Cuscuta","Cuscuta epithymum","Cuscuta epithymum","(L.) L."
,"Dactylorhiza maculata (L.) So??","Dactylorhiza maculata (L.) Soó","8179794","EXACT","89","ACCEPTED","SPECIES","Plantae","Tracheophyta","Liliopsida","Asparagales","Orchidaceae","Dactylorhiza","Dactylorhiza maculata","Dactylorhiza maculata","(L.) Soó"
,"Dactylorhiza majalis (Reichenb.) P.F. Hunt et Summerh.","Dactylorhiza majalis (Rchb.) P.F.Hunt & Summerh.","2810155","EXACT","100","ACCEPTED","SPECIES","Plantae","Tracheophyta","Liliopsida","Asparagales","Orchidaceae","Dactylorhiza","Dactylorhiza majalis","Dactylorhiza majalis","(Rchb.) P.F.Hunt & Summerh."
,"Daphne mezereum L.","Daphne mezereum L.","5420852","EXACT","100","ACCEPTED","SPECIES","Plantae","Tracheophyta","Magnoliopsida","Malvales","Thymelaeaceae","Daphne","Daphne mezereum","Daphne mezereum","L."
,"Deschampsia setacea (Huds.) Hack.","Deschampsia setacea (Huds.) Hack.","4142609","EXACT","100","ACCEPTED","SPECIES","Plantae","Tracheophyta","Liliopsida","Poales","Poaceae","Deschampsia","Deschampsia setacea","Deschampsia setacea","(Huds.) Hack."
,"Diphasiastrum tristachyum (Pursh) Holub","Diphasiastrum tristachyum (Pursh) Holub","2688412","EXACT","100","ACCEPTED","SPECIES","Plantae","Tracheophyta","Lycopodiopsida","Lycopodiales","Lycopodiaceae","Diphasiastrum","Diphasiastrum tristachyum","Diphasiastrum tristachyum","(Pursh) Holub"
,"Drosera rotundifolia L.","Drosera rotundifolia L.","3191030","EXACT","100","ACCEPTED","SPECIES","Plantae","Tracheophyta","Magnoliopsida","Caryophyllales","Droseraceae","Drosera","Drosera rotundifolia","Drosera rotundifolia","L."
,"Dryopteris affinis (Lowe) Fraser-Jenkins subsp. Affinis","Dryopteris affinis (Lowe) Fraser-Jenk.","8915858","EXACT","100","ACCEPTED","SPECIES","Plantae","Tracheophyta","Polypodiopsida","Polypodiales","Dryopteridaceae","Dryopteris","Dryopteris affinis","Dryopteris affinis","(Lowe) Fraser-Jenk."
,"Eleocharis quinqueflora (F.X. Hartm.) O. Schwartz","Eleocharis quinqueflora (Hartmann) O.Schwarz","2717493","EXACT","100","ACCEPTED","SPECIES","Plantae","Tracheophyta","Liliopsida","Poales","Cyperaceae","Eleocharis","Eleocharis quinqueflora","Eleocharis quinqueflora","(Hartmann) O.Schwarz"
,"Epipactis atrorubens (Hoffmann) Besser","Epipactis atrorubens (Hoffm.) Besser","5318958","EXACT","100","ACCEPTED","SPECIES","Plantae","Tracheophyta","Liliopsida","Asparagales","Orchidaceae","Epipactis","Epipactis atrorubens","Epipactis atrorubens","(Hoffm.) Besser"
,"Epipactis muelleri Godf.","Epipactis muelleri Godfery","5319022","EXACT","100","ACCEPTED","SPECIES","Plantae","Tracheophyta","Liliopsida","Asparagales","Orchidaceae","Epipactis","Epipactis muelleri","Epipactis muelleri","Godfery"
,"Equisetum variegatum Schleich.","Equisetum variegatum Schleich.","7758330","EXACT","100","ACCEPTED","SPECIES","Plantae","Tracheophyta","Polypodiopsida","Equisetales","Equisetaceae","Equisetum","Equisetum variegatum","Equisetum variegatum","Schleich."
,"Erica cinerea L.","Erica cinerea L.","5333411","EXACT","100","ACCEPTED","SPECIES","Plantae","Tracheophyta","Magnoliopsida","Ericales","Ericaceae","Erica","Erica cinerea","Erica cinerea","L."
,"Erigeron acer L.","Erigeron acer L.","3147223","EXACT","100","ACCEPTED","SPECIES","Plantae","Tracheophyta","Magnoliopsida","Asterales","Asteraceae","Erigeron","Erigeron acer","Erigeron acer","L."
,"Eriophorum angustifolium Honck.","Eriophorum angustifolium Honck.","2730127","EXACT","100","ACCEPTED","SPECIES","Plantae","Tracheophyta","Liliopsida","Poales","Cyperaceae","Eriophorum","Eriophorum angustifolium","Eriophorum angustifolium","Honck."
,"Eriophorum gracile Koch ex Roth","Eriophorum gracile W.D.J.Koch ex Roth","8252393","EXACT","100","DOUBTFUL","SPECIES","Plantae","Tracheophyta","Liliopsida","Poales","Cyperaceae","Eriophorum","Eriophorum gracile","Eriophorum gracile","W.D.J.Koch ex Roth"
,"Eriophorum latifolium Hoppe","Eriophorum latifolium Hoppe","2730210","EXACT","100","ACCEPTED","SPECIES","Plantae","Tracheophyta","Liliopsida","Poales","Cyperaceae","Eriophorum","Eriophorum latifolium","Eriophorum latifolium","Hoppe"
,"Euphorbia exigua L.","Euphorbia exigua L.","3069593","EXACT","100","ACCEPTED","SPECIES","Plantae","Tracheophyta","Magnoliopsida","Malpighiales","Euphorbiaceae","Euphorbia","Euphorbia exigua","Euphorbia exigua","L."
,"Euphrasia","Euphrasia L.","3171955","EXACT","94","ACCEPTED","GENUS","Plantae","Tracheophyta","Magnoliopsida","Lamiales","Orobanchaceae","Euphrasia",,"Euphrasia","L."
,"Festuca juncifolia St-Amans","Festuca juncifolia St.-Amans","4122081","EXACT","100","ACCEPTED","SPECIES","Plantae","Tracheophyta","Liliopsida","Poales","Poaceae","Festuca","Festuca juncifolia","Festuca juncifolia","St.-Amans"
,"Filago minima (Smith) Pers.","Filago minima (Sm.) Pers.","3088930","EXACT","100","SYNONYM","SPECIES","Plantae","Tracheophyta","Magnoliopsida","Asterales","Asteraceae","Logfia","Logfia minima","Filago minima","(Sm.) Pers."
,"Filago vulgaris Lam.","Filago vulgaris Lam.","3115858","EXACT","100","SYNONYM","SPECIES","Plantae","Tracheophyta","Magnoliopsida","Asterales","Asteraceae","Filago","Filago germanica","Filago vulgaris","Lam."
,"Fragaria moschata Weston","Fragaria moschata Duchesne ex Weston","3029809","EXACT","100","SYNONYM","SPECIES","Plantae","Tracheophyta","Magnoliopsida","Rosales","Rosaceae","Fragaria","Fragaria moschata","Fragaria moschata","Duchesne ex Weston"
,"Fumaria densiflora DC.","Fumaria densiflora DC.","5530883","EXACT","100","ACCEPTED","SPECIES","Plantae","Tracheophyta","Magnoliopsida","Ranunculales","Papaveraceae","Fumaria","Fumaria densiflora","Fumaria densiflora","DC."
,"Fumaria vaillantii Loisel.","Fumaria vaillantii Loisel.","5334216","EXACT","100","ACCEPTED","SPECIES","Plantae","Tracheophyta","Magnoliopsida","Ranunculales","Papaveraceae","Fumaria","Fumaria vaillantii","Fumaria vaillantii","Loisel."
,"Gagea pratensis (Pers.) Dum.","Gagea pratensis (Pers.) Dumort.","5300102","EXACT","100","ACCEPTED","SPECIES","Plantae","Tracheophyta","Liliopsida","Liliales","Liliaceae","Gagea","Gagea pratensis","Gagea pratensis","(Pers.) Dumort."
,"Gagea spathacea (Hayne) Salisb.","Gagea spathacea (Hayne) Salisb.","5299797","EXACT","100","ACCEPTED","SPECIES","Plantae","Tracheophyta","Liliopsida","Liliales","Liliaceae","Gagea","Gagea spathacea","Gagea spathacea","(Hayne) Salisb."
,"Galeopsis segetum Neck.","Galeopsis segetum Neck.","5341308","EXACT","100","ACCEPTED","SPECIES","Plantae","Tracheophyta","Magnoliopsida","Lamiales","Lamiaceae","Galeopsis","Galeopsis segetum","Galeopsis segetum","Neck."
,"Galium tricornutum Dandy","Galium tricornutum Dandy","2913452","EXACT","100","ACCEPTED","SPECIES","Plantae","Tracheophyta","Magnoliopsida","Gentianales","Rubiaceae","Galium","Galium tricornutum","Galium tricornutum","Dandy"
,"Genista pilosa L.","Genista pilosa L.","5347571","EXACT","100","ACCEPTED","SPECIES","Plantae","Tracheophyta","Magnoliopsida","Fabales","Fabaceae","Genista","Genista pilosa","Genista pilosa","L."
,"Genista tinctoria L.","Genista tinctoria L.","5347612","EXACT","100","ACCEPTED","SPECIES","Plantae","Tracheophyta","Magnoliopsida","Fabales","Fabaceae","Genista","Genista tinctoria","Genista tinctoria","L."
,"Gentiana pneumonanthe L.","Gentiana pneumonanthe L.","7270598","EXACT","100","ACCEPTED","SPECIES","Plantae","Tracheophyta","Magnoliopsida","Gentianales","Gentianaceae","Gentiana","Gentiana pneumonanthe","Gentiana pneumonanthe","L."
,"Gentianella uliginosa (Willd.) B?<c2>rner","Gentianella uliginosa (Willd.) Börner","8116170","EXACT","100","ACCEPTED","SPECIES","Plantae","Tracheophyta","Magnoliopsida","Gentianales","Gentianaceae","Gentianella","Gentianella uliginosa","Gentianella uliginosa","(Willd.) Börner"
,"Geranium palustre L.","Geranium palustre L.","2890536","EXACT","100","ACCEPTED","SPECIES","Plantae","Tracheophyta","Magnoliopsida","Geraniales","Geraniaceae","Geranium","Geranium palustre","Geranium palustre","L."
,"Andromeda polifolia L.","Andromeda polifolia L.","5333413","EXACT","100","ACCEPTED","SPECIES","Plantae","Tracheophyta","Magnoliopsida","Ericales","Ericaceae","Andromeda","Andromeda polifolia","Andromeda polifolia","L."
,"Gratiola officinalis L.","Gratiola officinalis L.","3171915","EXACT","100","ACCEPTED","SPECIES","Plantae","Tracheophyta","Magnoliopsida","Lamiales","Plantaginaceae","Gratiola","Gratiola officinalis","Gratiola officinalis","L."
,"Gymnadenia conopsea (L.) R. Brown","Gymnadenia conopsea (L.) R.Br.","7845022","EXACT","100","ACCEPTED","SPECIES","Plantae","Tracheophyta","Liliopsida","Asparagales","Orchidaceae","Gymnadenia","Gymnadenia conopsea","Gymnadenia conopsea","(L.) R.Br."
,"Gymnocarpium dryopteris (L.) Newman","Gymnocarpium dryopteris (L.) Newman","2650832","EXACT","100","ACCEPTED","SPECIES","Plantae","Tracheophyta","Polypodiopsida","Polypodiales","Cystopteridaceae","Gymnocarpium","Gymnocarpium dryopteris","Gymnocarpium dryopteris","(L.) Newman"
,"Gymnocarpium robertianum (Hoffmann) Newman","Gymnocarpium robertianum (Hoffm.) Newman","2650841","EXACT","100","ACCEPTED","SPECIES","Plantae","Tracheophyta","Polypodiopsida","Polypodiales","Cystopteridaceae","Gymnocarpium","Gymnocarpium robertianum","Gymnocarpium robertianum","(Hoffm.) Newman"
,"Halimione pedunculata (L.) Aell.","Halimione pedunculata (L.) Aell.","9101168","EXACT","100","SYNONYM","SPECIES","Plantae","Tracheophyta","Magnoliopsida","Caryophyllales","Amaranthaceae","Halimione","Halimione pedunculata","Halimione pedunculata","(L.) Aell."
,"Halimione portulacoides (L.) Aell.","Halimione portulacoides (L.) Aell.","8717651","EXACT","100","SYNONYM","SPECIES","Plantae","Tracheophyta","Magnoliopsida","Caryophyllales","Amaranthaceae","Halimione","Halimione portulacoides","Halimione portulacoides","(L.) Aell."
,"Hammarbya paludosa (L.) O. Kuntze","Hammarbya paludosa (L.) Kuntze","2817361","EXACT","100","ACCEPTED","SPECIES","Plantae","Tracheophyta","Liliopsida","Asparagales","Orchidaceae","Hammarbya","Hammarbya paludosa","Hammarbya paludosa","(L.) Kuntze"
,"Anemone ranunculoides L.","Anemone ranunculoides L.","3033266","EXACT","100","ACCEPTED","SPECIES","Plantae","Tracheophyta","Magnoliopsida","Ranunculales","Ranunculaceae","Anemone","Anemone ranunculoides","Anemone ranunculoides","L."
,"Herminium monorchis (L.) R. Brown","Herminium monorchis (L.) R.Br.","5310578","EXACT","100","ACCEPTED","SPECIES","Plantae","Tracheophyta","Liliopsida","Asparagales","Orchidaceae","Herminium","Herminium monorchis","Herminium monorchis","(L.) R.Br."
,"Hieracium lachenalii C.C. Gmel.","Hieracium lachenalii C.C.Gmel.","3135550","EXACT","100","DOUBTFUL","SPECIES","Plantae","Tracheophyta","Magnoliopsida","Asterales","Asteraceae","Hieracium","Hieracium lachenalii","Hieracium lachenalii","C.C.Gmel."
,"Hieracium lactucella Wallr.","Hieracium lactucella Wallr.","3123350","EXACT","100","SYNONYM","SPECIES","Plantae","Tracheophyta","Magnoliopsida","Asterales","Asteraceae","Pilosella","Pilosella lactucella","Hieracium lactucella","Wallr."
,"Hierochloe odorata (L.) Beauv.","Hierochloe odorata (L.) P.Beauv.","2703336","EXACT","100","SYNONYM","SPECIES","Plantae","Tracheophyta","Liliopsida","Poales","Poaceae","Anthoxanthum","Anthoxanthum nitens","Hierochloe odorata","(L.) P.Beauv."
,"Himantoglossum hircinum (L.) Spreng.","Himantoglossum hircinum (L.) Spreng.","5324951","EXACT","100","ACCEPTED","SPECIES","Plantae","Tracheophyta","Liliopsida","Asparagales","Orchidaceae","Himantoglossum","Himantoglossum hircinum","Himantoglossum hircinum","(L.) Spreng."
,"Hippuris vulgaris L.","Hippuris vulgaris L.","5372503","EXACT","100","ACCEPTED","SPECIES","Plantae","Tracheophyta","Magnoliopsida","Lamiales","Plantaginaceae","Hippuris","Hippuris vulgaris","Hippuris vulgaris","L."
,"Huperzia selago (L.) Bernh. ex Schrank et C.F.P. Mart.","Huperzia selago (L.) Bernh. ex Schrank & Mart.","2688495","EXACT","100","DOUBTFUL","SPECIES","Plantae","Tracheophyta","Lycopodiopsida","Lycopodiales","Lycopodiaceae","Huperzia","Huperzia selago","Huperzia selago","(L.) Bernh. ex Schrank & Mart."
,"Hydrocharis morsus-ranae L.","Hydrocharis morsus-ranae L.","5329266","EXACT","100","ACCEPTED","SPECIES","Plantae","Tracheophyta","Liliopsida","Alismatales","Hydrocharitaceae","Hydrocharis","Hydrocharis morsus-ranae","Hydrocharis morsus-ranae","L."
,"Anthemis arvensis L.","Anthemis arvensis L.","3102781","EXACT","100","ACCEPTED","SPECIES","Plantae","Tracheophyta","Magnoliopsida","Asterales","Asteraceae","Anthemis","Anthemis arvensis","Anthemis arvensis","L."
,"Hypericum montanum L.","Hypericum montanum L.","3714477","EXACT","100","ACCEPTED","SPECIES","Plantae","Tracheophyta","Magnoliopsida","Malpighiales","Hypericaceae","Hypericum","Hypericum montanum","Hypericum montanum","L."
,"Hypochaeris glabra L.","Hypochaeris glabra L.","3093911","EXACT","100","ACCEPTED","SPECIES","Plantae","Tracheophyta","Magnoliopsida","Asterales","Asteraceae","Hypochaeris","Hypochaeris glabra","Hypochaeris glabra","L."
,"Inula britannica L.","Inula britannica L.","3148406","EXACT","100","SYNONYM","SPECIES","Plantae","Tracheophyta","Magnoliopsida","Asterales","Asteraceae","Pentanema","Pentanema britannicum","Inula britannica","L."
,"Isoetes echinospora Durieu","Isoetes echinospora Durieu","4926451","EXACT","100","ACCEPTED","SPECIES","Plantae","Tracheophyta","Lycopodiopsida","Isoetales","Isoetaceae","Isoetes","Isoetes echinospora","Isoetes echinospora","Durieu"
,"Juncus alpinoarticulatus Chaix","Juncus alpinoarticulatus Chaix","2701930","EXACT","100","ACCEPTED","SPECIES","Plantae","Tracheophyta","Liliopsida","Poales","Juncaceae","Juncus","Juncus alpinoarticulatus","Juncus alpinoarticulatus","Chaix"
,"Juncus arcticus Willd.","Juncus arcticus Willd.","2701151","EXACT","100","ACCEPTED","SPECIES","Plantae","Tracheophyta","Liliopsida","Poales","Juncaceae","Juncus","Juncus arcticus","Juncus arcticus","Willd."
,"Juncus capitatus Weigel","Juncus capitatus Weigel","2701957","EXACT","100","ACCEPTED","SPECIES","Plantae","Tracheophyta","Liliopsida","Poales","Juncaceae","Juncus","Juncus capitatus","Juncus capitatus","Weigel"
,"Juncus maritimus Lam.","Juncus maritimus Lam.","2701869","EXACT","100","ACCEPTED","SPECIES","Plantae","Tracheophyta","Liliopsida","Poales","Juncaceae","Juncus","Juncus maritimus","Juncus maritimus","Lam."
,"Juncus tenageia L. f.","Juncus tenageia Ehrh. ex L.fil.","2701736","EXACT","100","ACCEPTED","SPECIES","Plantae","Tracheophyta","Liliopsida","Poales","Juncaceae","Juncus","Juncus tenageia","Juncus tenageia","Ehrh. ex L.fil."
,"Juniperus communis L.","Juniperus communis L.","2684709","EXACT","100","ACCEPTED","SPECIES","Plantae","Tracheophyta","Pinopsida","Pinales","Cupressaceae","Juniperus","Juniperus communis","Juniperus communis","L."
,"Kickxia spuria (L.) Dum.","Kickxia spuria (L.) Dumort.","3170817","EXACT","100","ACCEPTED","SPECIES","Plantae","Tracheophyta","Magnoliopsida","Lamiales","Plantaginaceae","Kickxia","Kickxia spuria","Kickxia spuria","(L.) Dumort."
,"Koeleria macrantha (Ledeb.) Schult.","Koeleria macrantha (Ledeb.) Schult.","2705914","EXACT","100","ACCEPTED","SPECIES","Plantae","Tracheophyta","Liliopsida","Poales","Poaceae","Koeleria","Koeleria macrantha","Koeleria macrantha","(Ledeb.) Schult."
,"Lactuca saligna L.","Lactuca saligna L.","3140467","EXACT","100","ACCEPTED","SPECIES","Plantae","Tracheophyta","Magnoliopsida","Asterales","Asteraceae","Lactuca","Lactuca saligna","Lactuca saligna","L."
,"Lathyrus linifolius (Reichard) B?<f1>ssler","Lathyrus linifolius (Reichard) Bässler","5356393","EXACT","100","ACCEPTED","SPECIES","Plantae","Tracheophyta","Magnoliopsida","Fabales","Fabaceae","Lathyrus","Lathyrus linifolius","Lathyrus linifolius","(Reichard) Bässler"
,"Anthyllis vulneraria L.","Anthyllis vulneraria L.","5352367","EXACT","100","ACCEPTED","SPECIES","Plantae","Tracheophyta","Magnoliopsida","Fabales","Fabaceae","Anthyllis","Anthyllis vulneraria","Anthyllis vulneraria","L."
,"Lathyrus palustris L.","Lathyrus palustris L.","5356412","EXACT","100","ACCEPTED","SPECIES","Plantae","Tracheophyta","Magnoliopsida","Fabales","Fabaceae","Lathyrus","Lathyrus palustris","Lathyrus palustris","L."
,"Legousia hybrida (L.) Delarbre","Legousia hybrida (L.) Delarbre","3158788","EXACT","100","ACCEPTED","SPECIES","Plantae","Tracheophyta","Magnoliopsida","Asterales","Campanulaceae","Legousia","Legousia hybrida","Legousia hybrida","(L.) Delarbre"
,"Legousia speculum-veneris (L.) Chaix","Legousia speculum-veneris (L.) Chaix","8022456","EXACT","100","ACCEPTED","SPECIES","Plantae","Tracheophyta","Magnoliopsida","Asterales","Campanulaceae","Legousia","Legousia speculum-veneris","Legousia speculum-veneris","(L.) Chaix"
,"Leucojum aestivum L.","Leucojum aestivum L.","2860425","EXACT","100","ACCEPTED","SPECIES","Plantae","Tracheophyta","Liliopsida","Asparagales","Amaryllidaceae","Leucojum","Leucojum aestivum","Leucojum aestivum","L."
,"Actaea spicata L.","Actaea spicata L.","5371473","EXACT","100","ACCEPTED","SPECIES","Plantae","Tracheophyta","Magnoliopsida","Ranunculales","Ranunculaceae","Actaea","Actaea spicata","Actaea spicata","L."
,"Limonium vulgare Mill.","Limonium vulgare Mill.","3082322","EXACT","100","ACCEPTED","SPECIES","Plantae","Tracheophyta","Magnoliopsida","Caryophyllales","Plumbaginaceae","Limonium","Limonium vulgare","Limonium vulgare","Mill."
,"Linum catharticum L.","Linum catharticum L.","2873865","EXACT","100","ACCEPTED","SPECIES","Plantae","Tracheophyta","Magnoliopsida","Malpighiales","Linaceae","Linum","Linum catharticum","Linum catharticum","L."
,"Liparis loeselii (L.) L.C.M. Rich.","Liparis loeselii (L.) Rich.","5323092","EXACT","100","ACCEPTED","SPECIES","Plantae","Tracheophyta","Liliopsida","Asparagales","Orchidaceae","Liparis","Liparis loeselii","Liparis loeselii","(L.) Rich."
,"Lithospermum arvense L.","Lithospermum arvense L.","2925902","EXACT","100","SYNONYM","SPECIES","Plantae","Tracheophyta","Magnoliopsida","Boraginales","Boraginaceae","Buglossoides","Buglossoides arvensis","Lithospermum arvense","L."
,"Lobelia dortmanna L.","Lobelia dortmanna L.","5408512","EXACT","100","ACCEPTED","SPECIES","Plantae","Tracheophyta","Magnoliopsida","Asterales","Campanulaceae","Lobelia","Lobelia dortmanna","Lobelia dortmanna","L."
,"Lolium temulentum L.","Lolium temulentum L.","2706242","EXACT","100","ACCEPTED","SPECIES","Plantae","Tracheophyta","Liliopsida","Poales","Poaceae","Lolium","Lolium temulentum","Lolium temulentum","L."
,"Apium graveolens L.","Apium graveolens L.","5371879","EXACT","100","ACCEPTED","SPECIES","Plantae","Tracheophyta","Magnoliopsida","Apiales","Apiaceae","Apium","Apium graveolens","Apium graveolens","L."
,"Luronium natans (L.) Rafin.","Luronium natans (L.) Raf.","2864775","EXACT","100","ACCEPTED","SPECIES","Plantae","Tracheophyta","Liliopsida","Alismatales","Alismataceae","Luronium","Luronium natans","Luronium natans","(L.) Raf."
,"Lycopodium clavatum L.","Lycopodium clavatum L.","2688393","EXACT","100","ACCEPTED","SPECIES","Plantae","Tracheophyta","Lycopodiopsida","Lycopodiales","Lycopodiaceae","Lycopodium","Lycopodium clavatum","Lycopodium clavatum","L."
,"Marrubium vulgare L.","Marrubium vulgare L.","2927069","EXACT","100","ACCEPTED","SPECIES","Plantae","Tracheophyta","Magnoliopsida","Lamiales","Lamiaceae","Marrubium","Marrubium vulgare","Marrubium vulgare","L."
,"Apium repens (Jacq.) Lag.","Apium repens (Jacq.) Lag.","7808195","EXACT","100","SYNONYM","SPECIES","Plantae","Tracheophyta","Magnoliopsida","Apiales","Apiaceae","Helosciadium","Helosciadium repens","Apium repens","(Jacq.) Lag."
,"Mentha pulegium L.","Mentha pulegium L.","2927189","EXACT","100","ACCEPTED","SPECIES","Plantae","Tracheophyta","Magnoliopsida","Lamiales","Lamiaceae","Mentha","Mentha pulegium","Mentha pulegium","L."
,"Menyanthes trifoliata L.","Menyanthes trifoliata L.","5341511","EXACT","100","ACCEPTED","SPECIES","Plantae","Tracheophyta","Magnoliopsida","Asterales","Menyanthaceae","Menyanthes","Menyanthes trifoliata","Menyanthes trifoliata","L."
,"Mibora minima (L.) Desv.","Mibora minima (L.) Desv.","2705682","EXACT","100","ACCEPTED","SPECIES","Plantae","Tracheophyta","Liliopsida","Poales","Poaceae","Mibora","Mibora minima","Mibora minima","(L.) Desv."
,"Minuartia hybrida (Vill.) Schischkin","Minuartia hybrida (Vill.) Schischk.","6364297","EXACT","100","SYNONYM","SPECIES","Plantae","Tracheophyta","Magnoliopsida","Caryophyllales","Caryophyllaceae","Sabulina","Sabulina tenuifolia","Minuartia hybrida","(Vill.) Schischk."
,"Moenchia erecta (L.) P. Gaertn.","Moenchia erecta (L.) G.Gaertn., G.Mey. & Scherb.","7841283","EXACT","86","ACCEPTED","SPECIES","Plantae","Tracheophyta","Magnoliopsida","Caryophyllales","Caryophyllaceae","Moenchia","Moenchia erecta","Moenchia erecta","(L.) G.Gaertn., G.Mey. & Scherb."
,"Arabis glabra (L.) Bernh.","Arabis glabra (L.) Bernh.","5376011","EXACT","100","SYNONYM","SPECIES","Plantae","Tracheophyta","Magnoliopsida","Brassicales","Brassicaceae","Turritis","Turritis glabra","Arabis glabra","(L.) Bernh."
,"Najas minor All.","Najas minor All.","5329434","EXACT","100","ACCEPTED","SPECIES","Plantae","Tracheophyta","Liliopsida","Alismatales","Hydrocharitaceae","Najas","Najas minor","Najas minor","All."
,"Narthecium ossifragum (L.) Huds.","Narthecium ossifragum (L.) Huds.","5602614","EXACT","100","ACCEPTED","SPECIES","Plantae","Tracheophyta","Liliopsida","Dioscoreales","Nartheciaceae","Narthecium","Narthecium ossifragum","Narthecium ossifragum","(L.) Huds."
,"Neottia nidus-avis (L.) L.C.M. Rich.","Neottia nidus-avis (L.) Rich.","2816176","EXACT","100","ACCEPTED","SPECIES","Plantae","Tracheophyta","Liliopsida","Asparagales","Orchidaceae","Neottia","Neottia nidus-avis","Neottia nidus-avis","(L.) Rich."
,"Nymphoides peltata (S.G. Gmel.) O. Kuntze","Nymphoides peltata (S.G.Gmel.) Kuntze","8810827","EXACT","100","ACCEPTED","SPECIES","Plantae","Tracheophyta","Magnoliopsida","Asterales","Menyanthaceae","Nymphoides","Nymphoides peltata","Nymphoides peltata","(S.G.Gmel.) Kuntze"
,"Oenanthe pimpinelloides L.","Oenanthe pimpinelloides L.","5371889","EXACT","100","ACCEPTED","SPECIES","Plantae","Tracheophyta","Magnoliopsida","Apiales","Apiaceae","Oenanthe","Oenanthe pimpinelloides","Oenanthe pimpinelloides","L."
,"Oenanthe silaifolia Bieb.","Oenanthe silaifolia M.Bieb.","6027222","EXACT","100","ACCEPTED","SPECIES","Plantae","Tracheophyta","Magnoliopsida","Apiales","Apiaceae","Oenanthe","Oenanthe silaifolia","Oenanthe silaifolia","M.Bieb."
,"Ononis spinosa L.","Ononis spinosa L.","2977149","EXACT","100","ACCEPTED","SPECIES","Plantae","Tracheophyta","Magnoliopsida","Fabales","Fabaceae","Ononis","Ononis spinosa","Ononis spinosa","L."
,"Ophioglossum azoricum C. Presl","Ophioglossum azoricum C.Presl","8148679","EXACT","100","ACCEPTED","SPECIES","Plantae","Tracheophyta","Polypodiopsida","Ophioglossales","Ophioglossaceae","Ophioglossum","Ophioglossum azoricum","Ophioglossum azoricum","C.Presl"
,"Ophrys insectifera L.","Ophrys insectifera L.","2792588","EXACT","100","ACCEPTED","SPECIES","Plantae","Tracheophyta","Liliopsida","Asparagales","Orchidaceae","Ophrys","Ophrys insectifera","Ophrys insectifera","L."
,"Orchis mascula (L.) L.","Orchis mascula (L.) L.","2849427","EXACT","100","ACCEPTED","SPECIES","Plantae","Tracheophyta","Liliopsida","Asparagales","Orchidaceae","Orchis","Orchis mascula","Orchis mascula","(L.) L."
,"Arctium tomentosum Mill.","Arctium tomentosum Mill.","5393080","EXACT","100","ACCEPTED","SPECIES","Plantae","Tracheophyta","Magnoliopsida","Asterales","Asteraceae","Arctium","Arctium tomentosum","Arctium tomentosum","Mill."
,"Orchis morio L.","Orchis morio L.","2808566","EXACT","100","SYNONYM","SPECIES","Plantae","Tracheophyta","Liliopsida","Asparagales","Orchidaceae","Anacamptis","Anacamptis morio","Orchis morio","L."
,"Orchis purpurea Huds.","Orchis purpurea Huds.","8794742","EXACT","100","ACCEPTED","SPECIES","Plantae","Tracheophyta","Liliopsida","Asparagales","Orchidaceae","Orchis","Orchis purpurea","Orchis purpurea","Huds."
,"Orchis simia Lam.","Orchis simia Lam.","2812415","EXACT","100","ACCEPTED","SPECIES","Plantae","Tracheophyta","Liliopsida","Asparagales","Orchidaceae","Orchis","Orchis simia","Orchis simia","Lam."
,"Orobanche caryophyllacea Smith","Orobanche caryophyllacea Sm.","3734492","EXACT","100","ACCEPTED","SPECIES","Plantae","Tracheophyta","Magnoliopsida","Lamiales","Orobanchaceae","Orobanche","Orobanche caryophyllacea","Orobanche caryophyllacea","Sm."
,"Orobanche hederae Vaucher ex Duby","Orobanche hederae Duby","3733128","EXACT","100","ACCEPTED","SPECIES","Plantae","Tracheophyta","Magnoliopsida","Lamiales","Orobanchaceae","Orobanche","Orobanche hederae","Orobanche hederae","Duby"
,"Parnassia palustris L.","Parnassia palustris L.","3032585","EXACT","100","ACCEPTED","SPECIES","Plantae","Tracheophyta","Magnoliopsida","Celastrales","Parnassiaceae","Parnassia","Parnassia palustris","Parnassia palustris","L."
,"Pedicularis palustris L.","Pedicularis palustris L.","3171734","EXACT","100","ACCEPTED","SPECIES","Plantae","Tracheophyta","Magnoliopsida","Lamiales","Orobanchaceae","Pedicularis","Pedicularis palustris","Pedicularis palustris","L."
,"Pedicularis sylvatica L.","Pedicularis sylvatica L.","3171712","EXACT","100","ACCEPTED","SPECIES","Plantae","Tracheophyta","Magnoliopsida","Lamiales","Orobanchaceae","Pedicularis","Pedicularis sylvatica","Pedicularis sylvatica","L."
,"Armeria maritima Willd.","Armeria maritima (Mill.) Willd.","8930531","EXACT","100","ACCEPTED","SPECIES","Plantae","Tracheophyta","Magnoliopsida","Caryophyllales","Plumbaginaceae","Armeria","Armeria maritima","Armeria maritima","(Mill.) Willd."
,"Peucedanum carvifolia Vill.","Peucedanum carvifolia Vill.","3632107","EXACT","100","SYNONYM","SPECIES","Plantae","Tracheophyta","Magnoliopsida","Apiales","Apiaceae","Dichoropetalum","Dichoropetalum carvifolia","Peucedanum carvifolia","Vill."
,"Phegopteris connectilis (Michaux) Watt","Phegopteris connectilis (Michx.) Watt","2651330","EXACT","100","ACCEPTED","SPECIES","Plantae","Tracheophyta","Polypodiopsida","Polypodiales","Thelypteridaceae","Phegopteris","Phegopteris connectilis","Phegopteris connectilis","(Michx.) Watt"
,"Pilularia globulifera L.","Pilularia globulifera L.","3913526","EXACT","100","ACCEPTED","SPECIES","Plantae","Tracheophyta","Polypodiopsida","Salviniales","Marsileaceae","Pilularia","Pilularia globulifera","Pilularia globulifera","L."
,"Arnoseris minima (L.) Schweigg. et K?<c2>rte","Arnoseris minima (L.) Schweigg. & Körte","3087403","EXACT","100","ACCEPTED","SPECIES","Plantae","Tracheophyta","Magnoliopsida","Asterales","Asteraceae","Arnoseris","Arnoseris minima","Arnoseris minima","(L.) Schweigg. & Körte"
,"Platanthera bifolia (L.) L.C.M. Rich.","Platanthera bifolia (L.) Rich.","9213153","EXACT","100","ACCEPTED","SPECIES","Plantae","Tracheophyta","Liliopsida","Asparagales","Orchidaceae","Platanthera","Platanthera bifolia","Platanthera bifolia","(L.) Rich."
,"Platanthera chlorantha (Cust.) Reichenb.","Platanthera chlorantha (Custer) Rchb.","2797913","EXACT","100","ACCEPTED","SPECIES","Plantae","Tracheophyta","Liliopsida","Asparagales","Orchidaceae","Platanthera","Platanthera chlorantha","Platanthera chlorantha","(Custer) Rchb."
,"Polygala comosa Schkuhr","Polygala comosa Schkuhr","7293616","EXACT","100","ACCEPTED","SPECIES","Plantae","Tracheophyta","Magnoliopsida","Fabales","Polygalaceae","Polygala","Polygala comosa","Polygala comosa","Schkuhr"
,"Artemisia maritima L.","Artemisia maritima L.","3121650","EXACT","100","ACCEPTED","SPECIES","Plantae","Tracheophyta","Magnoliopsida","Asterales","Asteraceae","Artemisia","Artemisia maritima","Artemisia maritima","L."
,"Polygala serpyllifolia Hose","Polygala serpyllifolia Hosé","3191414","EXACT","100","ACCEPTED","SPECIES","Plantae","Tracheophyta","Magnoliopsida","Fabales","Polygalaceae","Polygala","Polygala serpyllifolia","Polygala serpyllifolia","Hosé"
,"Polygala vulgaris L.","Polygala vulgaris L.","3191374","EXACT","100","ACCEPTED","SPECIES","Plantae","Tracheophyta","Magnoliopsida","Fabales","Polygalaceae","Polygala","Polygala vulgaris","Polygala vulgaris","L."
,"Polygonatum odoratum (Mill.) Druce","Polygonatum odoratum (Mill.) Druce","2770228","EXACT","100","ACCEPTED","SPECIES","Plantae","Tracheophyta","Liliopsida","Asparagales","Asparagaceae","Polygonatum","Polygonatum odoratum","Polygonatum odoratum","(Mill.) Druce"
,"Polygonum oxyspermum C.A. Mey. et Bunge ex Ledeb.","Polygonum oxyspermum C.A.Mey. & Bunge ex Ledeb.","5334344","EXACT","100","DOUBTFUL","SPECIES","Plantae","Tracheophyta","Magnoliopsida","Caryophyllales","Polygonaceae","Polygonum","Polygonum oxyspermum","Polygonum oxyspermum","C.A.Mey. & Bunge ex Ledeb."
,"Populus nigra L. var. nigra","Populus nigra var. nigra","7266798","EXACT","98","ACCEPTED","VARIETY","Plantae","Tracheophyta","Magnoliopsida","Malpighiales","Salicaceae","Populus","Populus nigra","Populus nigra nigra",
,"Potamogeton alpinus Balb.","Potamogeton alpinus Balb.","5301175","EXACT","100","ACCEPTED","SPECIES","Plantae","Tracheophyta","Liliopsida","Alismatales","Potamogetonaceae","Potamogeton","Potamogeton alpinus","Potamogeton alpinus","Balb."
,"Potamogeton coloratus Hornem.","Potamogeton coloratus Hornem.","7289632","EXACT","100","ACCEPTED","SPECIES","Plantae","Tracheophyta","Liliopsida","Alismatales","Potamogetonaceae","Potamogeton","Potamogeton coloratus","Potamogeton coloratus","Hornem."
,"Potamogeton compressus L.","Potamogeton compressus L.","7689610","EXACT","100","ACCEPTED","SPECIES","Plantae","Tracheophyta","Liliopsida","Alismatales","Potamogetonaceae","Potamogeton","Potamogeton compressus","Potamogeton compressus","L."
,"Potamogeton friesii Rupr.","Potamogeton friesii Rupr.","5301204","EXACT","100","ACCEPTED","SPECIES","Plantae","Tracheophyta","Liliopsida","Alismatales","Potamogetonaceae","Potamogeton","Potamogeton friesii","Potamogeton friesii","Rupr."
,"Potamogeton gramineus L.","Potamogeton gramineus L.","5301183","EXACT","100","ACCEPTED","SPECIES","Plantae","Tracheophyta","Liliopsida","Alismatales","Potamogetonaceae","Potamogeton","Potamogeton gramineus","Potamogeton gramineus","L."
,"Potamogeton lucens L.","Potamogeton lucens L.","5301141","EXACT","100","ACCEPTED","SPECIES","Plantae","Tracheophyta","Liliopsida","Alismatales","Potamogetonaceae","Potamogeton","Potamogeton lucens","Potamogeton lucens","L."
,"Potamogeton perfoliatus L.","Potamogeton perfoliatus L.","5301200","EXACT","100","ACCEPTED","SPECIES","Plantae","Tracheophyta","Liliopsida","Alismatales","Potamogetonaceae","Potamogeton","Potamogeton perfoliatus","Potamogeton perfoliatus","L."
,"Potamogeton x angustifolius J. Presl","Potamogeton ×angustifolius J.Presl","5301140","EXACT","100","ACCEPTED","SPECIES","Plantae","Tracheophyta","Liliopsida","Alismatales","Potamogetonaceae","Potamogeton","Potamogeton angustifolius","Potamogeton angustifolius","J.Presl"
,"Potentilla supina L.","Potentilla supina L.","5366090","EXACT","100","ACCEPTED","SPECIES","Plantae","Tracheophyta","Magnoliopsida","Rosales","Rosaceae","Potentilla","Potentilla supina","Potentilla supina","L."
,"Asparagus officinalis L. subsp. prostratus (Dum.) Corb.","Asparagus officinalis subsp. prostratus (Dumort.) Corb.","2768909","EXACT","100","SYNONYM","SUBSPECIES","Plantae","Tracheophyta","Liliopsida","Asparagales","Asparagaceae","Asparagus","Asparagus prostratus","Asparagus officinalis prostratus","(Dumort.) Corb."
,"Puccinellia fasciculata (Torr.) E.P. Bicknell","Puccinellia fasciculata (Torr.) E.P.Bicknell","2704720","EXACT","100","ACCEPTED","SPECIES","Plantae","Tracheophyta","Liliopsida","Poales","Poaceae","Puccinellia","Puccinellia fasciculata","Puccinellia fasciculata","(Torr.) E.P.Bicknell"
,"Pulicaria vulgaris Gaertn.","Pulicaria vulgaris Gaertn.","6443643","EXACT","100","ACCEPTED","SPECIES","Plantae","Tracheophyta","Magnoliopsida","Asterales","Asteraceae","Pulicaria","Pulicaria vulgaris","Pulicaria vulgaris","Gaertn."
,"Pyrola minor L.","Pyrola minor L.","2888272","EXACT","100","ACCEPTED","SPECIES","Plantae","Tracheophyta","Magnoliopsida","Ericales","Ericaceae","Pyrola","Pyrola minor","Pyrola minor","L."
,"Radiola linoides Roth","Radiola linoides Roth","2873844","EXACT","100","ACCEPTED","SPECIES","Plantae","Tracheophyta","Magnoliopsida","Malpighiales","Linaceae","Radiola","Radiola linoides","Radiola linoides","Roth"
,"Ranunculus arvensis L.","Ranunculus arvensis L.","3033348","EXACT","100","ACCEPTED","SPECIES","Plantae","Tracheophyta","Magnoliopsida","Ranunculales","Ranunculaceae","Ranunculus","Ranunculus arvensis","Ranunculus arvensis","L."
,"Ranunculus ololeucos Lloyd","Ranunculus ololeucos Lloyd","7278260","EXACT","100","ACCEPTED","SPECIES","Plantae","Tracheophyta","Magnoliopsida","Ranunculales","Ranunculaceae","Ranunculus","Ranunculus ololeucos","Ranunculus ololeucos","Lloyd"
,"Ranunculus serpens Schrank","Ranunculus serpens Schrank","7277310","EXACT","100","SYNONYM","SPECIES","Plantae","Tracheophyta","Magnoliopsida","Ranunculales","Ranunculaceae","Ranunculus","Ranunculus polyanthemos","Ranunculus serpens","Schrank"
,"Rhinanthus alectorolophus (Scop.) Pollich","Rhinanthus alectorolophus (Scop.) Pollich","3172045","EXACT","100","ACCEPTED","SPECIES","Plantae","Tracheophyta","Magnoliopsida","Lamiales","Orobanchaceae","Rhinanthus","Rhinanthus alectorolophus","Rhinanthus alectorolophus","(Scop.) Pollich"
,"Rhinanthus angustifolius C.C. Gmel.","Rhinanthus angustifolius C.C.Gmel.","7333485","EXACT","100","SYNONYM","SPECIES","Plantae","Tracheophyta","Magnoliopsida","Lamiales","Orobanchaceae","Rhinanthus","Rhinanthus glacialis","Rhinanthus angustifolius","C.C.Gmel."
,"Rhinanthus minor L.","Rhinanthus minor L.","3172043","EXACT","100","ACCEPTED","SPECIES","Plantae","Tracheophyta","Magnoliopsida","Lamiales","Orobanchaceae","Rhinanthus","Rhinanthus minor","Rhinanthus minor","L."
,"Rhynchospora alba (L.) Vahl","Rhynchospora alba (L.) Vahl","2721119","EXACT","100","ACCEPTED","SPECIES","Plantae","Tracheophyta","Liliopsida","Poales","Cyperaceae","Rhynchospora","Rhynchospora alba","Rhynchospora alba","(L.) Vahl"
,"Rhynchospora fusca (L.) Ait. f.","Rhynchospora fusca (L.) W.T.Aiton","8388555","EXACT","100","ACCEPTED","SPECIES","Plantae","Tracheophyta","Liliopsida","Poales","Cyperaceae","Rhynchospora","Rhynchospora fusca","Rhynchospora fusca","(L.) W.T.Aiton"
,"Asplenium septentrionale (L.) Hoffmann","Asplenium septentrionale (L.) Hoffm.","2650720","EXACT","100","ACCEPTED","SPECIES","Plantae","Tracheophyta","Polypodiopsida","Polypodiales","Aspleniaceae","Asplenium","Asplenium septentrionale","Asplenium septentrionale","(L.) Hoffm."
,"Atriplex laciniata L.","Atriplex laciniata L.","3083783","EXACT","100","ACCEPTED","SPECIES","Plantae","Tracheophyta","Magnoliopsida","Caryophyllales","Amaranthaceae","Atriplex","Atriplex laciniata","Atriplex laciniata","L."
,"Sanguisorba officinalis L.","Sanguisorba officinalis L.","3029627","EXACT","100","ACCEPTED","SPECIES","Plantae","Tracheophyta","Magnoliopsida","Rosales","Rosaceae","Sanguisorba","Sanguisorba officinalis","Sanguisorba officinalis","L."
,"Scandix pecten-veneris L.","Scandix pecten-veneris L.","3034233","EXACT","100","ACCEPTED","SPECIES","Plantae","Tracheophyta","Magnoliopsida","Apiales","Apiaceae","Scandix","Scandix pecten-veneris","Scandix pecten-veneris","L."
,"Schoenoplectus pungens (Vahl) Palla","Schoenoplectus pungens (Vahl) Palla","2711190","EXACT","100","ACCEPTED","SPECIES","Plantae","Tracheophyta","Liliopsida","Poales","Cyperaceae","Schoenoplectus","Schoenoplectus pungens","Schoenoplectus pungens","(Vahl) Palla"
,"Schoenoplectus triqueter (L.) Palla","Schoenoplectus triqueter (L.) Palla","2711033","EXACT","100","ACCEPTED","SPECIES","Plantae","Tracheophyta","Liliopsida","Poales","Cyperaceae","Schoenoplectus","Schoenoplectus triqueter","Schoenoplectus triqueter","(L.) Palla"
,"Schoenus nigricans L.","Schoenus nigricans L.","2709923","EXACT","100","ACCEPTED","SPECIES","Plantae","Tracheophyta","Liliopsida","Poales","Cyperaceae","Schoenus","Schoenus nigricans","Schoenus nigricans","L."
,"Scirpoides holoschoenus (L.) Sojak","Scirpoides holoschoenus (L.) Soják","2718201","EXACT","100","ACCEPTED","SPECIES","Plantae","Tracheophyta","Liliopsida","Poales","Cyperaceae","Scirpoides","Scirpoides holoschoenus","Scirpoides holoschoenus","(L.) Soják"
,"Scleranthus perennis L.","Scleranthus perennis L.","3085895","EXACT","100","ACCEPTED","SPECIES","Plantae","Tracheophyta","Magnoliopsida","Caryophyllales","Caryophyllaceae","Scleranthus","Scleranthus perennis","Scleranthus perennis","L."
,"Scorzonera humilis L.","Scorzonera humilis L.","3111049","EXACT","100","ACCEPTED","SPECIES","Plantae","Tracheophyta","Magnoliopsida","Asterales","Asteraceae","Scorzonera","Scorzonera humilis","Scorzonera humilis","L."
,"Senecio sarracenicus L.","Senecio sarracenicus L.","7903764","EXACT","100","ACCEPTED","SPECIES","Plantae","Tracheophyta","Magnoliopsida","Asterales","Asteraceae","Senecio","Senecio sarracenicus","Senecio sarracenicus","L."
,"Sesleria caerulea (L.) Ard.","Sesleria caerulea (L.) Ard.","4119608","EXACT","100","ACCEPTED","SPECIES","Plantae","Tracheophyta","Liliopsida","Poales","Poaceae","Sesleria","Sesleria caerulea","Sesleria caerulea","(L.) Ard."
,"Silene noctiflora L.","Silene noctiflora L.","5384834","EXACT","100","ACCEPTED","SPECIES","Plantae","Tracheophyta","Magnoliopsida","Caryophyllales","Caryophyllaceae","Silene","Silene noctiflora","Silene noctiflora","L."
,"Sison amomum L.","Sison amomum L.","3641433","EXACT","100","ACCEPTED","SPECIES","Plantae","Tracheophyta","Magnoliopsida","Apiales","Apiaceae","Sison","Sison amomum","Sison amomum","L."
,"Sium latifolium L.","Sium latifolium L.","3034530","EXACT","100","ACCEPTED","SPECIES","Plantae","Tracheophyta","Magnoliopsida","Apiales","Apiaceae","Sium","Sium latifolium","Sium latifolium","L."
,"Coronella austriaca","Coronella austriaca Laurenti, 1768","5959617","EXACT","97","ACCEPTED","SPECIES","Animalia","Chordata","Squamata",,"Colubridae","Coronella","Coronella austriaca","Coronella austriaca","Laurenti, 1768"
,"Natrix natrix","Natrix natrix (Linnaeus, 1758)","6161347","EXACT","99","ACCEPTED","SPECIES","Animalia","Chordata","Squamata",,"Colubridae","Natrix","Natrix natrix","Natrix natrix","(Linnaeus, 1758) "
,"Vipera berus","Vipera berus (Linnaeus, 1758)","5960862","EXACT","99","ACCEPTED","SPECIES","Animalia","Chordata","Squamata",,"Viperidae","Vipera","Vipera berus","Vipera berus","(Linnaeus, 1758) "
,"Platycerus caraboides","Platycerus caraboides (Linneaus, 1758)","5743100","EXACT","99","ACCEPTED","SPECIES","Animalia","Arthropoda","Insecta","Coleoptera","Lucanidae","Platycerus","Platycerus caraboides","Platycerus caraboides","(Linneaus, 1758) "
,"Sinodendron cylindricum","Sinodendron cylindricum (Linnaeus, 1758)","4425587","EXACT","99","ACCEPTED","SPECIES","Animalia","Arthropoda","Insecta","Coleoptera","Lucanidae","Sinodendron","Sinodendron cylindricum","Sinodendron cylindricum","(Linnaeus, 1758) "
,"Trichius fasciatus","Trichius fasciatus (Linnaeus, 1758)","1085188","EXACT","99","ACCEPTED","SPECIES","Animalia","Arthropoda","Insecta","Coleoptera","Scarabaeidae","Trichius","Trichius fasciatus","Trichius fasciatus","(Linnaeus, 1758) "
,"Gnorimus nobilis","Gnorimus nobilis (Linnaeus, 1758)","1081186","EXACT","99","ACCEPTED","SPECIES","Animalia","Arthropoda","Insecta","Coleoptera","Scarabaeidae","Gnorimus","Gnorimus nobilis","Gnorimus nobilis","(Linnaeus, 1758) "
,"Lucanus cervus","Lucanus cervus (Linnaeus, 1758)","5743122","EXACT","99","ACCEPTED","SPECIES","Animalia","Arthropoda","Insecta","Coleoptera","Lucanidae","Lucanus","Lucanus cervus","Lucanus cervus","(Linnaeus, 1758) "
,"Osmoderma eremita","Osmoderma eremita (Scopoli, 1763)","1079588","EXACT","99","ACCEPTED","SPECIES","Animalia","Arthropoda","Insecta","Coleoptera","Scarabaeidae","Osmoderma","Osmoderma eremita","Osmoderma eremita","(Scopoli, 1763) "
,"Oxythyrea funesta","Oxythyrea funesta (Poda, 1761)","1077130","EXACT","99","ACCEPTED","SPECIES","Animalia","Arthropoda","Insecta","Coleoptera","Scarabaeidae","Oxythyrea","Oxythyrea funesta","Oxythyrea funesta","(Poda, 1761) "
,"Gerris gibbifer","Gerris gibbifer Schummel, 1832","5758659","EXACT","99","ACCEPTED","SPECIES","Animalia","Arthropoda","Insecta","Hemiptera","Gerridae","Gerris","Gerris gibbifer","Gerris gibbifer","Schummel, 1832"
,"Gerris lateralis","Gerris lateralis Schummel, 1832","5758665","EXACT","99","ACCEPTED","SPECIES","Animalia","Arthropoda","Insecta","Hemiptera","Gerridae","Gerris","Gerris lateralis","Gerris lateralis","Schummel, 1832"
,"Glaenocorisa propinqua","Glaenocorisa propinqua (Fieber, 1861)","2049770","EXACT","99","ACCEPTED","SPECIES","Animalia","Arthropoda","Insecta","Hemiptera","Corixidae","Glaenocorisa","Glaenocorisa propinqua","Glaenocorisa propinqua","(Fieber, 1861) "
,"Hebrus pusillus","Hebrus pusillus (Fallén, 1807)","2020325","EXACT","99","ACCEPTED","SPECIES","Animalia","Arthropoda","Insecta","Hemiptera","Hebridae","Hebrus","Hebrus pusillus","Hebrus pusillus","(Fallén, 1807) "
,"Hebrus ruficeps","Hebrus ruficeps Thomson, 1871","4485475","EXACT","99","ACCEPTED","SPECIES","Animalia","Arthropoda","Insecta","Hemiptera","Hebridae","Hebrus","Hebrus ruficeps","Hebrus ruficeps","Thomson, 1871"
,"Hydrometra gracilenta","Hydrometra gracilenta Horváth, 1899","4485514","EXACT","99","ACCEPTED","SPECIES","Animalia","Arthropoda","Insecta","Hemiptera","Hydrometridae","Hydrometra","Hydrometra gracilenta","Hydrometra gracilenta","Horváth, 1899"
,"Micronecta minutissima","Micronecta minutissima (Linnaeus, 1758)","4485462","EXACT","99","ACCEPTED","SPECIES","Animalia","Arthropoda","Insecta","Hemiptera","Micronectidae","Micronecta","Micronecta minutissima","Micronecta minutissima","(Linnaeus, 1758) "
,"Microvelia pygmaea","Microvelia pygmaea (Dufour, 1833)","4485323","EXACT","99","ACCEPTED","SPECIES","Animalia","Arthropoda","Insecta","Hemiptera","Veliidae","Microvelia","Microvelia pygmaea","Microvelia pygmaea","(Dufour, 1833) "
,"Arctocorisa germari","Arctocorisa germari (Fieber, 1848)","4485363","EXACT","99","ACCEPTED","SPECIES","Animalia","Arthropoda","Insecta","Hemiptera","Corixidae","Arctocorisa","Arctocorisa germari","Arctocorisa germari","(Fieber, 1848) "
,"Sigara fossarum","Sigara fossarum (Leach, 1817)","4485413","EXACT","99","ACCEPTED","SPECIES","Animalia","Arthropoda","Insecta","Hemiptera","Corixidae","Sigara","Sigara fossarum","Sigara fossarum","(Leach, 1817) "
,"Sigara hellensii","Sigara hellensii (C.Sahlberg, 1819)","4485437","EXACT","99","ACCEPTED","SPECIES","Animalia","Arthropoda","Insecta","Hemiptera","Corixidae","Sigara","Sigara hellensii","Sigara hellensii","(C.Sahlberg, 1819) "
,"Sigara stagnalis","Sigara stagnalis (Leach, 1817)","4485450","EXACT","99","ACCEPTED","SPECIES","Animalia","Arthropoda","Insecta","Hemiptera","Corixidae","Sigara","Sigara stagnalis","Sigara stagnalis","(Leach, 1817) "
,"Corixa dentipes","Corixa dentipes (Thomson, 1869)","5156066","EXACT","99","ACCEPTED","SPECIES","Animalia","Arthropoda","Insecta","Hemiptera","Corixidae","Corixa","Corixa dentipes","Corixa dentipes","(Thomson, 1869) "
,"Corixa panzeri","Corixa panzeri Fieber, 1848","5156065","EXACT","99","ACCEPTED","SPECIES","Animalia","Arthropoda","Insecta","Hemiptera","Corixidae","Corixa","Corixa panzeri","Corixa panzeri","Fieber, 1848"
